0.00	0.000000000000
5.86	0.000106473293
11.72	0.000106961853
17.58	0.000109984795
23.44	0.000108426425
29.30	0.000111750237
35.16	0.000109218537
41.02	0.000106742899
46.88	0.000101991926
52.73	0.000105275826
58.59	0.000109139589
64.45	0.000104365928
70.31	0.000104818807
76.17	0.000104205454
82.03	0.000108620450
87.89	0.000110185465
93.75	0.000106195120
99.61	0.000103269897
105.47	0.000106001557
111.33	0.000106086503
117.19	0.000107340075
123.05	0.000108590212
128.91	0.000107752729
134.77	0.000102938058
140.62	0.000104301897
146.48	0.000108155817
152.34	0.000109707472
158.20	0.000109553969
164.06	0.000106572560
169.92	0.000106598074
175.78	0.000104643394
181.64	0.000106987044
187.50	0.000107132432
193.36	0.000104617515
199.22	0.000106030267
205.08	0.000100759043
210.94	0.000103779019
216.80	0.000105961092
222.66	0.000106998301
228.52	0.000106811254
234.38	0.000102282913
240.23	0.000104295706
246.09	0.000102749015
251.95	0.000101857784
257.81	0.000108608155
263.67	0.000104349966
269.53	0.000108808664
275.39	0.000134648266
281.25	0.000223033890
287.11	0.000704103274
292.97	0.011207424124
298.83	0.030812294688
304.69	0.020543846229
310.55	0.001477333607
316.41	0.000323070986
322.27	0.000153135305
328.12	0.000122761348
333.98	0.000110713107
339.84	0.000110991870
345.70	0.000108973798
351.56	0.000105284261
357.42	0.000100710759
363.28	0.000100712317
369.14	0.000108630609
375.00	0.000105987434
380.86	0.000103477242
386.72	0.000102305806
392.58	0.000098505983
398.44	0.000101790017
404.30	0.000103981412
410.16	0.000105735509
416.02	0.000104241520
421.88	0.000104267864
427.73	0.000103658907
433.59	0.000108054524
439.45	0.000110352834
445.31	0.000106494309
451.17	0.000102838928
457.03	0.000100330361
462.89	0.000103791252
468.75	0.000105700216
474.61	0.000106754340
480.47	0.000108332037
486.33	0.000107510555
492.19	0.000108656943
498.05	0.000109539138
503.91	0.000111123022
509.77	0.000108180974
515.62	0.000105499907
521.48	0.000106986392
527.34	0.000105265263
533.20	0.000105326798
539.06	0.000106062465
544.92	0.000104018895
550.78	0.000100451805
556.64	0.000099481184
562.50	0.000103908266
568.36	0.000104280868
574.22	0.000100778913
580.08	0.000098069852
585.94	0.000104560904
591.80	0.000104937379
597.66	0.000102324477
603.52	0.000108716299
609.38	0.000109491369
615.23	0.000104182583
621.09	0.000106178446
626.95	0.000107680201
632.81	0.000110149307
638.67	0.000105426968
644.53	0.000109916641
650.39	0.000107764863
656.25	0.000106622751
662.11	0.000106292103
667.97	0.000109802301
673.83	0.000111733563
679.69	0.000107772464
685.55	0.000106341175
691.41	0.000107153182
697.27	0.000109056010
703.12	0.000109054593
708.98	0.000108842881
714.84	0.000109272809
720.70	0.000109819567
726.56	0.000105899307
732.42	0.000104804562
738.28	0.000104269606
744.14	0.000102561140
750.00	0.000104659250
755.86	0.000101966109
761.72	0.000103028450
767.58	0.000108742164
773.44	0.000105240462
779.30	0.000109304477
785.16	0.000112587668
791.02	0.000103726010
796.88	0.000107918653
802.73	0.000110443678
808.59	0.000107988427
814.45	0.000109595640
820.31	0.000112651919
826.17	0.000118711814
832.03	0.000123141263
837.89	0.000134128943
843.75	0.000151272630
849.61	0.000185254425
855.47	0.000242855293
861.33	0.000357237852
867.19	0.000570318943
873.05	0.001039626287
878.91	0.002225447945
884.77	0.006387823927
890.62	0.038360252864
896.48	0.249299187147
902.34	0.284910748844
908.20	0.071225671553
914.06	0.008382993548
919.92	0.002667631654
925.78	0.001191186797
931.64	0.000634907223
937.50	0.000394004090
943.36	0.000264160541
949.22	0.000193672505
955.08	0.000166104095
960.94	0.000138194759
966.80	0.000128697183
972.66	0.000115977733
978.52	0.000111310361
984.38	0.000107969144
990.23	0.000107847959
996.09	0.000103586335
1001.95	0.000109865092
1007.81	0.000108489220
1013.67	0.000104671554
1019.53	0.000105687713
1025.39	0.000105817747
1031.25	0.000105646883
1037.11	0.000111476872
1042.97	0.000111901210
1048.83	0.000109162589
1054.69	0.000106245440
1060.55	0.000106558446
1066.41	0.000101833668
1072.27	0.000100294857
1078.12	0.000099938692
1083.98	0.000102552918
1089.84	0.000108439957
1095.70	0.000109071920
1101.56	0.000103231516
1107.42	0.000104121608
1113.28	0.000106283408
1119.14	0.000103386472
1125.00	0.000105579532
1130.86	0.000109380049
1136.72	0.000106440818
1142.58	0.000105505696
1148.44	0.000106708021
1154.30	0.000104707022
1160.16	0.000105794166
1166.02	0.000102776213
1171.88	0.000110102219
1177.73	0.000109738145
1183.59	0.000102027514
1189.45	0.000103354742
1195.31	0.000103768746
1201.17	0.000112868420
1207.03	0.000108107980
1212.89	0.000104555620
1218.75	0.000103286703
1224.61	0.000103259059
1230.47	0.000107870698
1236.33	0.000104562744
1242.19	0.000103406259
1248.05	0.000105245163
1253.91	0.000103520003
1259.77	0.000103114079
1265.62	0.000103940352
1271.48	0.000106688242
1277.34	0.000110895008
1283.20	0.000106150797
1289.06	0.000107680414
1294.92	0.000107419072
1300.78	0.000108021297
1306.64	0.000106186836
1312.50	0.000105488035
1318.36	0.000102112309
1324.22	0.000102400714
1330.08	0.000102513909
1335.94	0.000102851655
1341.80	0.000102784505
1347.66	0.000105988774
1353.52	0.000108360507
1359.38	0.000104663374
1365.23	0.000100254501
1371.09	0.000106203270
1376.95	0.000106710766
1382.81	0.000102301686
1388.67	0.000104480738
1394.53	0.000105830169
1400.39	0.000106450284
1406.25	0.000109821180
1412.11	0.000105353941
1417.97	0.000108526963
1423.83	0.000107920115
1429.69	0.000106250740
1435.55	0.000104207460
1441.41	0.000099520042
1447.27	0.000104474295
1453.12	0.000104494411
1458.98	0.000105823253
1464.84	0.000106661074
1470.70	0.000108924094
1476.56	0.000104232107
1482.42	0.000102139056
1488.28	0.000104893406
1494.14	0.000107344745
1500.00	0.000104741973
1505.86	0.000104425456
1511.72	0.000109435590
1517.58	0.000106320219
1523.44	0.000105359392
1529.30	0.000098841427
1535.16	0.000101050158
1541.02	0.000103536281
1546.88	0.000104295491
1552.73	0.000102858136
1558.59	0.000102903509
1564.45	0.000101736538
1570.31	0.000104236985
1576.17	0.000106057127
1582.03	0.000104412298
1587.89	0.000105926293
1593.75	0.000105655975
1599.61	0.000106602989
1605.47	0.000107870880
1611.33	0.000108871604
1617.19	0.000108293444
1623.05	0.000104576585
1628.91	0.000106930047
1634.77	0.000111439165
1640.62	0.000103324017
1646.48	0.000102445610
1652.34	0.000104493945
1658.20	0.000100253588
1664.06	0.000102619548
1669.92	0.000103968497
1675.78	0.000105179882
1681.64	0.000103009374
1687.50	0.000100908877
1693.36	0.000101585611
1699.22	0.000107487375
1705.08	0.000110029979
1710.94	0.000106848799
1716.80	0.000109197034
1722.66	0.000105376190
1728.52	0.000105753906
1734.38	0.000108940282
1740.23	0.000105857413
1746.09	0.000105385042
1751.95	0.000105120535
1757.81	0.000105551298
1763.67	0.000107138933
1769.53	0.000106652396
1775.39	0.000105153319
1781.25	0.000101511243
1787.11	0.000100712972
1792.97	0.000103021690
1798.83	0.000106634317
1804.69	0.000106181176
1810.55	0.000105654010
1816.41	0.000109168034
1822.27	0.000107788394
1828.12	0.000107170481
1833.98	0.000109717112
1839.84	0.000106582981
1845.70	0.000098290182
1851.56	0.000103018719
1857.42	0.000103466057
1863.28	0.000102224964
1869.14	0.000102052541
1875.00	0.000104509795
1880.86	0.000108755539
1886.72	0.000107632072
1892.58	0.000106115619
1898.44	0.000101699926
1904.30	0.000100646134
1910.16	0.000102373075
1916.02	0.000101147713
1921.88	0.000102293943
1927.73	0.000104198386
1933.59	0.000107537476
1939.45	0.000108162201
1945.31	0.000104905140
1951.17	0.000100259523
1957.03	0.000103619740
1962.89	0.000108308123
1968.75	0.000102927404
1974.61	0.000103898152
1980.47	0.000106642331
1986.33	0.000107028783
1992.19	0.000109516454
1998.05	0.000113460909
2003.91	0.000108656453
2009.77	0.000108323395
2015.62	0.000100938447
2021.48	0.000101856514
2027.34	0.000105247166
2033.20	0.000108304257
2039.06	0.000105724380
2044.92	0.000103774281
2050.78	0.000099191091
2056.64	0.000099494614
2062.50	0.000105438310
2068.36	0.000103916858
2074.22	0.000107720365
2080.08	0.000110759103
2085.94	0.000106258493
2091.80	0.000103681541
2097.66	0.000103278226
2103.52	0.000108759657
2109.38	0.000105770857
2115.23	0.000103292251
2121.09	0.000104842052
2126.95	0.000107145608
2132.81	0.000104658994
2138.67	0.000103970197
2144.53	0.000108392307
2150.39	0.000105380643
2156.25	0.000107910928
2162.11	0.000105947260
2167.97	0.000102178691
2173.83	0.000104722099
2179.69	0.000105586264
2185.55	0.000102883665
2191.41	0.000101511599
2197.27	0.000103052450
2203.12	0.000107450269
2208.98	0.000107986252
2214.84	0.000108527174
2220.70	0.000105941923
2226.56	0.000107172202
2232.42	0.000103123901
2238.28	0.000101543377
2244.14	0.000100450869
2250.00	0.000101610901
2255.86	0.000104536642
2261.72	0.000102815489
2267.58	0.000105217285
2273.44	0.000109746149
2279.30	0.000105790664
2285.16	0.000108152844
2291.02	0.000107345728
2296.88	0.000104130540
2302.73	0.000108630931
2308.59	0.000109385040
2314.45	0.000110542479
2320.31	0.000109862891
2326.17	0.000106782618
2332.03	0.000105448889
2337.89	0.000105731326
2343.75	0.000104345521
2349.61	0.000105677584
2355.47	0.000106644397
2361.33	0.000103046625
2367.19	0.000108432906
2373.05	0.000107289256
2378.91	0.000105166255
2384.77	0.000104895261
2390.62	0.000104137666
2396.48	0.000100798118
2402.34	0.000106229102
2408.20	0.000106485743
2414.06	0.000107744193
2419.92	0.000108628907
2425.78	0.000108613635
2431.64	0.000105924041
2437.50	0.000103665453
2443.36	0.000104673255
2449.22	0.000104258997
2455.08	0.000106746102
2460.94	0.000108697511
2466.80	0.000106831876
2472.66	0.000106168954
2478.52	0.000106127118
2484.38	0.000104211544
2490.23	0.000106834183
2496.09	0.000110264023
2501.95	0.000108816281
2507.81	0.000105844937
2513.67	0.000105261055
2519.53	0.000100732882
2525.39	0.000103174593
2531.25	0.000102686462
2537.11	0.000101320281
2542.97	0.000103152926
2548.83	0.000104906708
2554.69	0.000101849944
2560.55	0.000107940329
2566.41	0.000108141838
2572.27	0.000105618131
2578.12	0.000105966372
2583.98	0.000104285618
2589.84	0.000109935475
2595.70	0.000110964929
2601.56	0.000106886012
2607.42	0.000104792645
2613.28	0.000101915354
2619.14	0.000102218602
2625.00	0.000104335500
2630.86	0.000107603514
2636.72	0.000107215567
2642.58	0.000104294044
2648.44	0.000106573024
2654.30	0.000108070935
2660.16	0.000104035472
2666.02	0.000108219598
2671.88	0.000108002443
2677.73	0.000112447028
2683.59	0.000113312850
2689.45	0.000104029419
2695.31	0.000102542030
2701.17	0.000103548504
2707.03	0.000104062838
2712.89	0.000104730411
2718.75	0.000108832257
2724.61	0.000111515185
2730.47	0.000109285306
2736.33	0.000103557938
2742.19	0.000105051795
2748.05	0.000106390547
2753.91	0.000103274557
2759.77	0.000100956500
2765.62	0.000102437652
2771.48	0.000103841753
2777.34	0.000104967938
2783.20	0.000107916246
2789.06	0.000103502681
2794.92	0.000107447593
2800.78	0.000106128792
2806.64	0.000105661223
2812.50	0.000102850063
2818.36	0.000099733441
2824.22	0.000105819929
2830.08	0.000105530075
2835.94	0.000104777290
2841.80	0.000106519651
2847.66	0.000104162632
2853.52	0.000104156471
2859.38	0.000106879154
2865.23	0.000109045272
2871.09	0.000109349396
2876.95	0.000111474685
2882.81	0.000110903789
2888.67	0.000108775895
2894.53	0.000106943162
2900.39	0.000107429415
2906.25	0.000104014942
2912.11	0.000108106906
2917.97	0.000106431906
2923.83	0.000104869853
2929.69	0.000107833422
2935.55	0.000110678286
2941.41	0.000105956840
2947.27	0.000106975259
2953.12	0.000109233523
2958.98	0.000107044079
2964.84	0.000105502168
2970.70	0.000104846028
2976.56	0.000110398975
2982.42	0.000111317755
2988.28	0.000107610792
2994.14	0.000107977399
3000.00	0.000105963051
3005.86	0.000106075439
3011.72	0.000106893621
3017.58	0.000101787042
3023.44	0.000102995010
3029.30	0.000106533909
3035.16	0.000108156264
3041.02	0.000106532903
3046.88	0.000108713629
3052.73	0.000108733560
3058.59	0.000106968835
3064.45	0.000105982234
3070.31	0.000105277871
3076.17	0.000102247499
3082.03	0.000098898718
3087.89	0.000104598526
3093.75	0.000105748550
3099.61	0.000105568232
3105.47	0.000108560031
3111.33	0.000105939541
3117.19	0.000104798299
3123.05	0.000102696914
3128.91	0.000102023058
3134.77	0.000102192440
3140.62	0.000100680002
3146.48	0.000098819762
3152.34	0.000102177417
3158.20	0.000104456593
3164.06	0.000107266621
3169.92	0.000105237669
3175.78	0.000104532334
3181.64	0.000103066464
3187.50	0.000103971732
3193.36	0.000105327443
3199.22	0.000104740603
3205.08	0.000104312260
3210.94	0.000104934612
3216.80	0.000102951491
3222.66	0.000100552328
3228.52	0.000104997373
3234.38	0.000105414000
3240.23	0.000102364953
3246.09	0.000103755149
3251.95	0.000103682259
3257.81	0.000104191412
3263.67	0.000106877701
3269.53	0.000105540236
3275.39	0.000106165200
3281.25	0.000106267744
3287.11	0.000102012339
3292.97	0.000105349249
3298.83	0.000109317460
3304.69	0.000101562658
3310.55	0.000102386561
3316.41	0.000103720690
3322.27	0.000102368583
3328.12	0.000099434021
3333.98	0.000109599418
3339.84	0.000109823039
3345.70	0.000105639242
3351.56	0.000107756432
3357.42	0.000102231280
3363.28	0.000104334440
3369.14	0.000110768557
3375.00	0.000107412823
3380.86	0.000110877929
3386.72	0.000109650962
3392.58	0.000104423463
3398.44	0.000102887148
3404.30	0.000104721327
3410.16	0.000105491922
3416.02	0.000108030625
3421.88	0.000102740745
3427.73	0.000102114173
3433.59	0.000104946903
3439.45	0.000110300640
3445.31	0.000108422274
3451.17	0.000104929762
3457.03	0.000102851609
3462.89	0.000099679187
3468.75	0.000099965112
3474.61	0.000103108085
3480.47	0.000108602451
3486.33	0.000107935950
3492.19	0.000106769508
3498.05	0.000101242416
3503.91	0.000095229548
3509.77	0.000101082975
3515.62	0.000108140815
3521.48	0.000101961261
3527.34	0.000099918031
3533.20	0.000108624827
3539.06	0.000107929681
3544.92	0.000103867949
3550.78	0.000107594452
3556.64	0.000105987812
3562.50	0.000102112882
3568.36	0.000101415061
3574.22	0.000110112481
3580.08	0.000109535694
3585.94	0.000107853921
3591.80	0.000107025876
3597.66	0.000104734801
3603.52	0.000107608998
3609.38	0.000105350593
3615.23	0.000101860053
3621.09	0.000101984202
3626.95	0.000104777723
3632.81	0.000104520593
3638.67	0.000103985837
3644.53	0.000108019425
3650.39	0.000104061579
3656.25	0.000101402826
3662.11	0.000105714513
3667.97	0.000106048125
3673.83	0.000103903279
3679.69	0.000107587126
3685.55	0.000103836045
3691.41	0.000105714330
3697.27	0.000105265911
3703.12	0.000110909361
3708.98	0.000103250587
3714.84	0.000102142562
3720.70	0.000106304885
3726.56	0.000102591973
3732.42	0.000102697231
3738.28	0.000102828096
3744.14	0.000106967279
3750.00	0.000105269233
3755.86	0.000107007897
3761.72	0.000101590371
3767.58	0.000100513421
3773.44	0.000103424336
3779.30	0.000102306889
3785.16	0.000103944653
3791.02	0.000104490936
3796.88	0.000105389977
3802.73	0.000107257929
3808.59	0.000109100591
3814.45	0.000106272231
3820.31	0.000104123668
3826.17	0.000104558704
3832.03	0.000105564889
3837.89	0.000108585580
3843.75	0.000107206859
3849.61	0.000102812135
3855.47	0.000103092781
3861.33	0.000104388650
3867.19	0.000103587400
3873.05	0.000103244330
3878.91	0.000104630764
3884.77	0.000104932519
3890.62	0.000103973643
3896.48	0.000101444301
3902.34	0.000104050843
3908.20	0.000106290235
3914.06	0.000107005426
3919.92	0.000106472303
3925.78	0.000109150282
3931.64	0.000105489894
3937.50	0.000105536666
3943.36	0.000106513946
3949.22	0.000103702985
3955.08	0.000102911079
3960.94	0.000103610584
3966.80	0.000105841539
3972.66	0.000106236881
3978.52	0.000104107898
3984.38	0.000107573998
3990.23	0.000106487048
3996.09	0.000104904371
4001.95	0.000103678354
4007.81	0.000111674247
4013.67	0.000110521903
4019.53	0.000103204891
4025.39	0.000105534777
4031.25	0.000108207286
4037.11	0.000104476994
4042.97	0.000100949243
4048.83	0.000103609309
4054.69	0.000103546473
4060.55	0.000103634112
4066.41	0.000100975529
4072.27	0.000098625320
4078.12	0.000103843558
4083.98	0.000104320765
4089.84	0.000103327448
4095.70	0.000104361578
4101.56	0.000104783876
4107.42	0.000105842332
4113.28	0.000106645388
4119.14	0.000106371182
4125.00	0.000104912838
4130.86	0.000102892300
4136.72	0.000108696500
4142.58	0.000105499508
4148.44	0.000096889928
4154.30	0.000095360457
4160.16	0.000101580261
4166.02	0.000101508854
4171.88	0.000102062437
4177.73	0.000109485278
4183.59	0.000106358671
4189.45	0.000108003140
4195.31	0.000107151343
4201.17	0.000107025612
4207.03	0.000110488951
4212.89	0.000107570235
4218.75	0.000107028938
4224.61	0.000105254624
4230.47	0.000105276814
4236.33	0.000105679989
4242.19	0.000104837138
4248.05	0.000109341929
4253.91	0.000107074591
4259.77	0.000108918191
4265.62	0.000105581355
4271.48	0.000101541921
4277.34	0.000103633220
4283.20	0.000103752431
4289.06	0.000107062691
4294.92	0.000106746966
4300.78	0.000104295681
4306.64	0.000105834069
4312.50	0.000105487877
4318.36	0.000105268069
4324.22	0.000110844397
4330.08	0.000108437630
4335.94	0.000107631747
4341.80	0.000104496838
4347.66	0.000106161033
4353.52	0.000106995858
4359.38	0.000102060648
4365.23	0.000104660424
4371.09	0.000111412583
4376.95	0.000106653844
4382.81	0.000107173869
4388.67	0.000105605086
4394.53	0.000104627820
4400.39	0.000102760935
4406.25	0.000102747188
4412.11	0.000102945522
4417.97	0.000104824518
4423.83	0.000100090541
4429.69	0.000104422363
4435.55	0.000107868718
4441.41	0.000103061478
4447.27	0.000102571655
4453.12	0.000104842443
4458.98	0.000107785625
4464.84	0.000106181401
4470.70	0.000104901388
4476.56	0.000103407869
4482.42	0.000103032812
4488.28	0.000106258309
4494.14	0.000106299425
4500.00	0.000104734343
4505.86	0.000103655119
4511.72	0.000100179486
4517.58	0.000102501802
4523.44	0.000105993921
4529.30	0.000103853290
4535.16	0.000103435612
4541.02	0.000107387049
4546.88	0.000109760542
4552.73	0.000106729019
4558.59	0.000103481215
4564.45	0.000105396100
4570.31	0.000106490745
4576.17	0.000107825903
4582.03	0.000104723834
4587.89	0.000104075965
4593.75	0.000106412725
4599.61	0.000106976579
4605.47	0.000109666266
4611.33	0.000107451790
4617.19	0.000105409252
4623.05	0.000105052807
4628.91	0.000103308985
4634.77	0.000107454616
4640.62	0.000103397588
4646.48	0.000106933530
4652.34	0.000106000285
4658.20	0.000106192083
4664.06	0.000108940549
4669.92	0.000108466416
4675.78	0.000106885156
4681.64	0.000103605307
4687.50	0.000104673003
4693.36	0.000106543519
4699.22	0.000108177588
4705.08	0.000107393611
4710.94	0.000104208818
4716.80	0.000105396025
4722.66	0.000107638763
4728.52	0.000106779744
4734.38	0.000105452583
4740.23	0.000101560835
4746.09	0.000103550213
4751.95	0.000106590861
4757.81	0.000107543135
4763.67	0.000111016858
4769.53	0.000106447220
4775.39	0.000107085231
4781.25	0.000109170369
4787.11	0.000106687162
4792.97	0.000103855970
4798.83	0.000104279268
4804.69	0.000105053383
4810.55	0.000106942551
4816.41	0.000101339366
4822.27	0.000096414676
4828.12	0.000105638187
4833.98	0.000106822588
4839.84	0.000107456138
4845.70	0.000108742776
4851.56	0.000106117481
4857.42	0.000106176696
4863.28	0.000106889337
4869.14	0.000105275415
4875.00	0.000100770932
4880.86	0.000105599869
4886.72	0.000101765705
4892.58	0.000101410186
4898.44	0.000101336101
4904.30	0.000104512337
4910.16	0.000103786263
4916.02	0.000102723452
4921.88	0.000100559058
4927.73	0.000102015402
4933.59	0.000109392665
4939.45	0.000110721976
4945.31	0.000107445087
4951.17	0.000106595955
4957.03	0.000110555613
4962.89	0.000107251331
4968.75	0.000104769786
4974.61	0.000108722976
4980.47	0.000107116420
4986.33	0.000105746323
4992.19	0.000107360921
4998.05	0.000109229496
5003.91	0.000109129787
5009.77	0.000110206831
5015.62	0.000109885518
5021.48	0.000106785289
5027.34	0.000104258184
5033.20	0.000103593360
5039.06	0.000103913008
5044.92	0.000105083220
5050.78	0.000103336340
5056.64	0.000103431894
5062.50	0.000105679534
5068.36	0.000104355702
5074.22	0.000102015119
5080.08	0.000104322374
5085.94	0.000106904552
5091.80	0.000108963876
5097.66	0.000103608258
5103.52	0.000105030609
5109.38	0.000103141298
5115.23	0.000101666481
5121.09	0.000102599779
5126.95	0.000106158997
5132.81	0.000099895757
5138.67	0.000096962253
5144.53	0.000101327498
5150.39	0.000109664866
5156.25	0.000110110224
5162.11	0.000104048742
5167.97	0.000103106987
5173.83	0.000100393537
5179.69	0.000099248756
5185.55	0.000104145760
5191.41	0.000109108733
5197.27	0.000110561145
5203.12	0.000102513313
5208.98	0.000106830051
5214.84	0.000108785498
5220.70	0.000105363229
5226.56	0.000109275906
5232.42	0.000113434023
5238.28	0.000109392407
5244.14	0.000106035339
5250.00	0.000102935615
5255.86	0.000104689706
5261.72	0.000103544863
5267.58	0.000105298784
5273.44	0.000103219085
5279.30	0.000098762787
5285.16	0.000098540623
5291.02	0.000105306359
5296.88	0.000108384458
5302.73	0.000106600053
5308.59	0.000105816902
5314.45	0.000106933135
5320.31	0.000102651779
5326.17	0.000103721709
5332.03	0.000108481212
5337.89	0.000110313885
5343.75	0.000104197908
5349.61	0.000105252573
5355.47	0.000106444998
5361.33	0.000107022041
5367.19	0.000103660868
5373.05	0.000110974772
5378.91	0.000110754139
5384.77	0.000107937279
5390.62	0.000107731946
5396.48	0.000109438276
5402.34	0.000114853832
5408.20	0.000110611830
5414.06	0.000108110101
5419.92	0.000111179440
5425.78	0.000106413006
5431.64	0.000103969074
5437.50	0.000102481844
5443.36	0.000110057162
5449.22	0.000109462915
5455.08	0.000107813245
5460.94	0.000110796312
5466.80	0.000109474098
5472.66	0.000108757989
5478.52	0.000105596700
5484.38	0.000109964423
5490.23	0.000109687705
5496.09	0.000106223728
5501.95	0.000104653088
5507.81	0.000107220014
5513.67	0.000102453442
5519.53	0.000104237729
5525.39	0.000104471706
5531.25	0.000104112711
5537.11	0.000103267592
5542.97	0.000102118033
5548.83	0.000105835510
5554.69	0.000108223257
5560.55	0.000103368050
5566.41	0.000102891150
5572.27	0.000106876087
5578.12	0.000112020002
5583.98	0.000110400448
5589.84	0.000109934640
5595.70	0.000105993502
5601.56	0.000103810620
5607.42	0.000106677714
5613.28	0.000107342923
5619.14	0.000107207611
5625.00	0.000105688982
5630.86	0.000100216673
5636.72	0.000102223960
5642.58	0.000103745275
5648.44	0.000101210102
5654.30	0.000100153885
5660.16	0.000105603575
5666.02	0.000106222180
5671.88	0.000102502610
5677.73	0.000102716875
5683.59	0.000101764637
5689.45	0.000104984247
5695.31	0.000107482851
5701.17	0.000105692941
5707.03	0.000104998749
5712.89	0.000107664693
5718.75	0.000108866474
5724.61	0.000105191753
5730.47	0.000103775353
5736.33	0.000104722576
5742.19	0.000105551786
5748.05	0.000103230632
5753.91	0.000103990618
5759.77	0.000102397134
5765.62	0.000106554204
5771.48	0.000106829570
5777.34	0.000106319584
5783.20	0.000110087038
5789.06	0.000109652979
5794.92	0.000106479233
5800.78	0.000105201807
5806.64	0.000107976614
5812.50	0.000110801878
5818.36	0.000107375077
5824.22	0.000103676033
5830.08	0.000100709178
5835.94	0.000104074208
5841.80	0.000103157156
5847.66	0.000103229113
5853.52	0.000102778755
5859.38	0.000109772204
5865.23	0.000104571294
5871.09	0.000100064618
5876.95	0.000100549706
5882.81	0.000108068272
5888.67	0.000108389857
5894.53	0.000102724782
5900.39	0.000105012116
5906.25	0.000105636171
5912.11	0.000102463920
5917.97	0.000107511994
5923.83	0.000108145099
5929.69	0.000108833134
5935.55	0.000109483431
5941.41	0.000105910017
5947.27	0.000104504300
5953.12	0.000104188030
5958.98	0.000109409290
5964.84	0.000107199753
5970.70	0.000105269074
5976.56	0.000107245798
5982.42	0.000108330249
5988.28	0.000106814295
5994.14	0.000104260161
6000.00	0.000100690974
6005.86	0.000105728384
6011.72	0.000106896602
6017.58	0.000106889789
6023.44	0.000105145320
6029.30	0.000103215635
6035.16	0.000107291385
6041.02	0.000107234511
6046.88	0.000106148762
6052.73	0.000108115244
6058.59	0.000107033386
6064.45	0.000102829939
6070.31	0.000107977825
6076.17	0.000108078408
6082.03	0.000105930764
6087.89	0.000106884179
6093.75	0.000106065210
6099.61	0.000104753309
6105.47	0.000109795204
6111.33	0.000107491048
6117.19	0.000102243323
6123.05	0.000106406709
6128.91	0.000105984951
6134.77	0.000103475880
6140.62	0.000100832006
6146.48	0.000102915378
6152.34	0.000101004231
6158.20	0.000102265925
6164.06	0.000106461000
6169.92	0.000106420677
6175.78	0.000103543392
6181.64	0.000109690478
6187.50	0.000105513617
6193.36	0.000107309258
6199.22	0.000105937985
6205.08	0.000107339936
6210.94	0.000111125328
6216.80	0.000109154190
6222.66	0.000104202209
6228.52	0.000103723063
6234.38	0.000101545179
6240.23	0.000100365762
6246.09	0.000099064739
6251.95	0.000099727557
6257.81	0.000101433073
6263.67	0.000106413020
6269.53	0.000103824920
6275.39	0.000105735578
6281.25	0.000105288186
6287.11	0.000105279858
6292.97	0.000106082233
6298.83	0.000103128099
6304.69	0.000103156462
6310.55	0.000108126827
6316.41	0.000105088797
6322.27	0.000101446018
6328.12	0.000107062907
6333.98	0.000107642333
6339.84	0.000107789749
6345.70	0.000103619782
6351.56	0.000109443106
6357.42	0.000108597770
6363.28	0.000106955750
6369.14	0.000104856829
6375.00	0.000102873087
6380.86	0.000104981664
6386.72	0.000103008440
6392.58	0.000108280124
6398.44	0.000104955794
6404.30	0.000102435624
6410.16	0.000103926313
6416.02	0.000104945328
6421.88	0.000104795989
6427.73	0.000102057741
6433.59	0.000103943231
6439.45	0.000104398323
6445.31	0.000105455603
6451.17	0.000105858813
6457.03	0.000103864320
6462.89	0.000107874506
6468.75	0.000107052500
6474.61	0.000106406576
6480.47	0.000104512681
6486.33	0.000105398954
6492.19	0.000104325079
6498.05	0.000105774972
6503.91	0.000105650838
6509.77	0.000106093809
6515.62	0.000106833689
6521.48	0.000103472277
6527.34	0.000102814145
6533.20	0.000109002556
6539.06	0.000107659425
6544.92	0.000103677814
6550.78	0.000105705152
6556.64	0.000111246183
6562.50	0.000112802065
6568.36	0.000105461311
6574.22	0.000104631177
6580.08	0.000107813289
6585.94	0.000103481880
6591.80	0.000101999442
6597.66	0.000104560101
6603.52	0.000111040084
6609.38	0.000105940607
6615.23	0.000101571839
6621.09	0.000104149844
6626.95	0.000104928913
6632.81	0.000098273760
6638.67	0.000099760060
6644.53	0.000101891682
6650.39	0.000106435451
6656.25	0.000105836844
6662.11	0.000102439094
6667.97	0.000102001001
6673.83	0.000100856128
6679.69	0.000104757372
6685.55	0.000105740054
6691.41	0.000103842876
6697.27	0.000103216377
6703.12	0.000098974516
6708.98	0.000103475032
6714.84	0.000112221812
6720.70	0.000108377613
6726.56	0.000107192813
6732.42	0.000110089602
6738.28	0.000105089663
6744.14	0.000105660813
6750.00	0.000111315741
6755.86	0.000112077441
6761.72	0.000105302652
6767.58	0.000108146034
6773.44	0.000109824763
6779.30	0.000108157154
6785.16	0.000105836899
6791.02	0.000103473298
6796.88	0.000108280205
6802.73	0.000107722199
6808.59	0.000103787169
6814.45	0.000102688739
6820.31	0.000108255850
6826.17	0.000105789485
6832.03	0.000103191751
6837.89	0.000100784222
6843.75	0.000099666833
6849.61	0.000103304058
6855.47	0.000103276868
6861.33	0.000099593584
6867.19	0.000102122100
6873.05	0.000107654532
6878.91	0.000104130140
6884.77	0.000106186546
6890.62	0.000101934377
6896.48	0.000103284724
6902.34	0.000109161686
6908.20	0.000107201865
6914.06	0.000105995494
6919.92	0.000107275091
6925.78	0.000106822660
6931.64	0.000103007506
6937.50	0.000106852844
6943.36	0.000112697966
6949.22	0.000103093446
6955.08	0.000102328262
6960.94	0.000110533139
6966.80	0.000109128307
6972.66	0.000104095012
6978.52	0.000107134942
6984.38	0.000104597918
6990.23	0.000107319791
6996.09	0.000109093924
7001.95	0.000105245651
7007.81	0.000105694872
7013.67	0.000107383744
7019.53	0.000105278746
7025.39	0.000105705886
7031.25	0.000107292127
7037.11	0.000102776077
7042.97	0.000099004705
7048.83	0.000104421137
7054.69	0.000104467022
7060.55	0.000106804967
7066.41	0.000108684209
7072.27	0.000105377510
7078.12	0.000104130088
7083.98	0.000102978245
7089.84	0.000104411576
7095.70	0.000106014243
7101.56	0.000106898125
7107.42	0.000106196681
7113.28	0.000107573248
7119.14	0.000109961851
7125.00	0.000110647867
7130.86	0.000110097153
7136.72	0.000106936348
7142.58	0.000105036001
7148.44	0.000108693971
7154.30	0.000104715588
7160.16	0.000100818758
7166.02	0.000101425070
7171.88	0.000102592768
7177.73	0.000106238781
7183.59	0.000101996711
7189.45	0.000102192156
7195.31	0.000105298456
7201.17	0.000109965599
7207.03	0.000106598015
7212.89	0.000103688394
7218.75	0.000105130508
7224.61	0.000103712484
7230.47	0.000099579441
7236.33	0.000104669155
7242.19	0.000103911075
7248.05	0.000101688996
7253.91	0.000100120028
7259.77	0.000107683660
7265.62	0.000106589673
7271.48	0.000106695741
7277.34	0.000111509133
7283.20	0.000106991963
7289.06	0.000107755765
7294.92	0.000107492043
7300.78	0.000107999017
7306.64	0.000106099967
7312.50	0.000108469165
7318.36	0.000108168217
7324.22	0.000106429735
7330.08	0.000110168047
7335.94	0.000111491558
7341.80	0.000109107023
7347.66	0.000101523005
7353.52	0.000099780568
7359.38	0.000101015796
7365.23	0.000105283384
7371.09	0.000104842979
7376.95	0.000102656212
7382.81	0.000104346599
7388.67	0.000108781373
7394.53	0.000108288587
7400.39	0.000111608095
7406.25	0.000106462511
7412.11	0.000108026979
7417.97	0.000103790690
7423.83	0.000103728446
7429.69	0.000103873444
7435.55	0.000101228806
7441.41	0.000104872293
7447.27	0.000104473120
7453.12	0.000099965793
7458.98	0.000102240715
7464.84	0.000105444748
7470.70	0.000106703659
7476.56	0.000100305438
7482.42	0.000099192128
7488.28	0.000104818611
7494.14	0.000106420662
7500.00	0.000103454959
7505.86	0.000104074865
7511.72	0.000103481785
7517.58	0.000107670279
7523.44	0.000106820207
7529.30	0.000104416633
7535.16	0.000103185092
7541.02	0.000101689227
7546.88	0.000106216113
7552.73	0.000106682462
7558.59	0.000105958089
7564.45	0.000109139603
7570.31	0.000108704298
7576.17	0.000105431974
7582.03	0.000101228532
7587.89	0.000101890389
7593.75	0.000106261662
7599.61	0.000107428165
7605.47	0.000105944365
7611.33	0.000102491898
7617.19	0.000103758543
7623.05	0.000104641958
7628.91	0.000101898280
7634.77	0.000103308582
7640.62	0.000105852620
7646.48	0.000111465682
7652.34	0.000107858258
7658.20	0.000110575068
7664.06	0.000106901498
7669.92	0.000104523255
7675.78	0.000105390353
7681.64	0.000101940888
7687.50	0.000104604575
7693.36	0.000110292225
7699.22	0.000109495019
7705.08	0.000105043437
7710.94	0.000104232526
7716.80	0.000105990932
7722.66	0.000112008761
7728.52	0.000112040979
7734.38	0.000108503607
7740.23	0.000106795897
7746.09	0.000109564189
7751.95	0.000103624502
7757.81	0.000106051624
7763.67	0.000106182132
7769.53	0.000102238066
7775.39	0.000103061822
7781.25	0.000105738265
7787.11	0.000104134516
7792.97	0.000103105697
7798.83	0.000101916009
7804.69	0.000105413825
7810.55	0.000106424075
7816.41	0.000106243951
7822.27	0.000109707184
7828.12	0.000111134258
7833.98	0.000110463283
7839.84	0.000104588462
7845.70	0.000104623013
7851.56	0.000109042020
7857.42	0.000107779426
7863.28	0.000101515914
7869.14	0.000098461157
7875.00	0.000098608988
7880.86	0.000104833818
7886.72	0.000105204474
7892.58	0.000104102684
7898.44	0.000109351647
7904.30	0.000108472571
7910.16	0.000103779289
7916.02	0.000105110204
7921.88	0.000106032893
7927.73	0.000106380017
7933.59	0.000108478053
7939.45	0.000108784760
7945.31	0.000107070172
7951.17	0.000104861226
7957.03	0.000104918550
7962.89	0.000102895279
7968.75	0.000102449420
7974.61	0.000103130408
7980.47	0.000102822268
7986.33	0.000103642452
7992.19	0.000108309346
7998.05	0.000111616769
8003.91	0.000111159608
8009.77	0.000108100887
8015.62	0.000108022672
8021.48	0.000107720338
8027.34	0.000105223573
8033.20	0.000108007583
8039.06	0.000109046513
8044.92	0.000110595997
8050.78	0.000102764522
8056.64	0.000104016418
8062.50	0.000108859650
8068.36	0.000110120644
8074.22	0.000103485368
8080.08	0.000103103438
8085.94	0.000104908530
8091.80	0.000103657982
8097.66	0.000105376593
8103.52	0.000107555903
8109.38	0.000105347299
8115.23	0.000101843890
8121.09	0.000102690019
8126.95	0.000110130845
8132.81	0.000112673903
8138.67	0.000108815465
8144.53	0.000107055165
8150.39	0.000104438526
8156.25	0.000105670833
8162.11	0.000107044721
8167.97	0.000106411740
8173.83	0.000104276207
8179.69	0.000103917847
8185.55	0.000105815655
8191.41	0.000103269787
8197.27	0.000103669100
8203.12	0.000103619543
8208.98	0.000103133286
8214.84	0.000108798511
8220.70	0.000106947996
8226.56	0.000102535465
8232.42	0.000102025660
8238.28	0.000104004497
8244.14	0.000102226231
8250.00	0.000103093510
8255.86	0.000104031412
8261.72	0.000109808349
8267.58	0.000103485213
8273.44	0.000099847265
8279.30	0.000104216026
8285.16	0.000103320401
8291.02	0.000104670322
8296.88	0.000103548681
8302.73	0.000107160813
8308.59	0.000105484324
8314.45	0.000104970211
8320.31	0.000099896359
8326.17	0.000103634349
8332.03	0.000105934824
8337.89	0.000103420235
8343.75	0.000105491667
8349.61	0.000106822701
8355.47	0.000102749139
8361.33	0.000108143936
8367.19	0.000109930620
8373.05	0.000105820834
8378.91	0.000106630645
8384.77	0.000105165055
8390.62	0.000100837701
8396.48	0.000102255087
8402.34	0.000104814743
8408.20	0.000106579924
8414.06	0.000104132573
8419.92	0.000107852759
8425.78	0.000104182783
8431.64	0.000100377559
8437.50	0.000102442632
8443.36	0.000105137304
8449.22	0.000107115769
8455.08	0.000102725462
8460.94	0.000108359021
8466.80	0.000107388041
8472.66	0.000103711251
8478.52	0.000106251243
8484.38	0.000107943859
8490.23	0.000109154307
8496.09	0.000107945677
8501.95	0.000104913834
8507.81	0.000106802543
8513.67	0.000103245556
8519.53	0.000106006278
8525.39	0.000114043505
8531.25	0.000110156623
8537.11	0.000107703648
8542.97	0.000109520249
8548.83	0.000110847011
8554.69	0.000109228282
8560.55	0.000108369391
8566.41	0.000103113764
8572.27	0.000106252948
8578.12	0.000103530118
8583.98	0.000103607689
8589.84	0.000106621169
8595.70	0.000104670152
8601.56	0.000105453538
8607.42	0.000103160792
8613.28	0.000105200036
8619.14	0.000100383379
8625.00	0.000104516136
8630.86	0.000109929959
8636.72	0.000110558758
8642.58	0.000106880067
8648.44	0.000103834399
8654.30	0.000099885835
8660.16	0.000103637968
8666.02	0.000104332531
8671.88	0.000107824046
8677.73	0.000104640044
8683.59	0.000101750058
8689.45	0.000104657626
8695.31	0.000103764877
8701.17	0.000104963244
8707.03	0.000110490976
8712.89	0.000106080519
8718.75	0.000106375106
8724.61	0.000107528771
8730.47	0.000104335379
8736.33	0.000103218166
8742.19	0.000104188384
8748.05	0.000102385199
8753.91	0.000103394977
8759.77	0.000108549405
8765.62	0.000107516086
8771.48	0.000105624181
8777.34	0.000102032387
8783.20	0.000101837382
8789.06	0.000102822194
8794.92	0.000100618508
8800.78	0.000097915441
8806.64	0.000098283406
8812.50	0.000101530373
8818.36	0.000102941972
8824.22	0.000105060316
8830.08	0.000108855263
8835.94	0.000108856916
8841.80	0.000107839367
8847.66	0.000107631730
8853.52	0.000108131331
8859.38	0.000103331756
8865.23	0.000103166478
8871.09	0.000106869800
8876.95	0.000105253426
8882.81	0.000105154456
8888.67	0.000106732275
8894.53	0.000111558188
8900.39	0.000109234940
8906.25	0.000110543399
8912.11	0.000109368431
8917.97	0.000104291382
8923.83	0.000103442320
8929.69	0.000099649794
8935.55	0.000100902824
8941.41	0.000105329247
8947.27	0.000107196608
8953.12	0.000106990989
8958.98	0.000101449688
8964.84	0.000102018678
8970.70	0.000105522628
8976.56	0.000104478909
8982.42	0.000103158038
8988.28	0.000106557373
8994.14	0.000108947928
9000.00	0.000107901982
9005.86	0.000105595959
9011.72	0.000103102091
9017.58	0.000104694545
9023.44	0.000106427206
9029.30	0.000102867352
9035.16	0.000102809094
9041.02	0.000104046344
9046.88	0.000106277304
9052.73	0.000107489385
9058.59	0.000105360130
9064.45	0.000103903553
9070.31	0.000098823663
9076.17	0.000102862755
9082.03	0.000105001527
9087.89	0.000106629344
9093.75	0.000107408365
9099.61	0.000105691959
9105.47	0.000105884902
9111.33	0.000102479429
9117.19	0.000108279042
9123.05	0.000108940498
9128.91	0.000105332053
9134.77	0.000100117027
9140.62	0.000105139839
9146.48	0.000107084190
9152.34	0.000107904435
9158.20	0.000107626566
9164.06	0.000108860422
9169.92	0.000107965517
9175.78	0.000108045685
9181.64	0.000103648986
9187.50	0.000099500331
9193.36	0.000105477654
9199.22	0.000107534073
9205.08	0.000103494878
9210.94	0.000104364263
9216.80	0.000099487260
9222.66	0.000100279429
9228.52	0.000105881226
9234.38	0.000104317993
9240.23	0.000102670352
9246.09	0.000103678603
9251.95	0.000103866795
9257.81	0.000105297651
9263.67	0.000106981448
9269.53	0.000105232010
9275.39	0.000106665353
9281.25	0.000109128919
9287.11	0.000104509686
9292.97	0.000105976896
9298.83	0.000104647138
9304.69	0.000104779791
9310.55	0.000107821434
9316.41	0.000105814635
9322.27	0.000105713550
9328.12	0.000104425853
9333.98	0.000108027575
9339.84	0.000106484028
9345.70	0.000106497605
9351.56	0.000102293376
9357.42	0.000099119782
9363.28	0.000102475464
9369.14	0.000101871420
9375.00	0.000098836789
9380.86	0.000104443798
9386.72	0.000110012670
9392.58	0.000109527387
9398.44	0.000110643193
9404.30	0.000110175801
9410.16	0.000109268323
9416.02	0.000108659338
9421.88	0.000103706164
9427.73	0.000109448642
9433.59	0.000108539398
9439.45	0.000106664658
9445.31	0.000108589582
9451.17	0.000105532253
9457.03	0.000101473661
9462.89	0.000106958477
9468.75	0.000108375049
9474.61	0.000106002899
9480.47	0.000105199213
9486.33	0.000102971052
9492.19	0.000103907604
9498.05	0.000104615692
9503.91	0.000108157334
9509.77	0.000109790790
9515.62	0.000104627763
9521.48	0.000101481732
9527.34	0.000100814098
9533.20	0.000104184054
9539.06	0.000108380226
9544.92	0.000105169030
9550.78	0.000099953199
9556.64	0.000103601121
9562.50	0.000105259320
9568.36	0.000104544370
9574.22	0.000106510053
9580.08	0.000106323151
9585.94	0.000107226476
9591.80	0.000106976833
9597.66	0.000102990027
9603.52	0.000102937252
9609.38	0.000109686718
9615.23	0.000108714924
9621.09	0.000107300488
9626.95	0.000106625939
9632.81	0.000102022039
9638.67	0.000103544959
9644.53	0.000103566790
9650.39	0.000102148318
9656.25	0.000105449332
9662.11	0.000108041806
9667.97	0.000108107588
9673.83	0.000106208095
9679.69	0.000103600154
9685.55	0.000104374638
9691.41	0.000104581718
9697.27	0.000106642024
9703.12	0.000108466570
9708.98	0.000105221822
9714.84	0.000106330416
9720.70	0.000110379419
9726.56	0.000106313540
9732.42	0.000105967297
9738.28	0.000107147045
9744.14	0.000103687488
9750.00	0.000101257627
9755.86	0.000104673361
9761.72	0.000108894687
9767.58	0.000110246578
9773.44	0.000108560858
9779.30	0.000103670842
9785.16	0.000106042025
9791.02	0.000106922207
9796.88	0.000104721478
9802.73	0.000106232673
9808.59	0.000105745650
9814.45	0.000105361118
9820.31	0.000107342641
9826.17	0.000108467711
9832.03	0.000106737632
9837.89	0.000108204044
9843.75	0.000108877223
9849.61	0.000110114037
9855.47	0.000103959875
9861.33	0.000105971907
9867.19	0.000106341808
9873.05	0.000108356123
9878.91	0.000108936277
9884.77	0.000106651954
9890.62	0.000107183483
9896.48	0.000109488037
9902.34	0.000106378669
9908.20	0.000104393107
9914.06	0.000105239914
9919.92	0.000104664453
9925.78	0.000103539174
9931.64	0.000107866966
9937.50	0.000102509194
9943.36	0.000104390406
9949.22	0.000105575513
9955.08	0.000099366566
9960.94	0.000104279054
9966.80	0.000104484989
9972.66	0.000103832211
9978.52	0.000105523081
9984.38	0.000106781053
9990.23	0.000104546110
9996.09	0.000104124386
10001.95	0.000103593995
10007.81	0.000102826325
10013.67	0.000102612551
10019.53	0.000103888195
10025.39	0.000104381966
10031.25	0.000107889598
10037.11	0.000109854276
10042.97	0.000109741904
10048.83	0.000109927494
10054.69	0.000108334647
10060.55	0.000108305937
10066.41	0.000111565138
10072.27	0.000104893678
10078.12	0.000100457628
10083.98	0.000107063644
10089.84	0.000108580661
10095.70	0.000108766060
10101.56	0.000105817656
10107.42	0.000101791242
10113.28	0.000105059539
10119.14	0.000101916837
10125.00	0.000105832440
10130.86	0.000109846068
10136.72	0.000108944680
10142.58	0.000105645091
10148.44	0.000104529997
10154.30	0.000104268958
10160.16	0.000109870753
10166.02	0.000113008628
10171.88	0.000110089658
10177.73	0.000102595628
10183.59	0.000103753216
10189.45	0.000107619703
10195.31	0.000108148972
10201.17	0.000109660679
10207.03	0.000104435491
10212.89	0.000104704039
10218.75	0.000103417800
10224.61	0.000106282774
10230.47	0.000105144551
10236.33	0.000102003677
10242.19	0.000100149988
10248.05	0.000106874109
10253.91	0.000107429796
10259.77	0.000107044587
10265.62	0.000106696326
10271.48	0.000107641285
10277.34	0.000109399972
10283.20	0.000107088353
10289.06	0.000104548649
10294.92	0.000108536343
10300.78	0.000107734126
10306.64	0.000108077024
10312.50	0.000108106201
10318.36	0.000107188079
10324.22	0.000105579972
10330.08	0.000104312392
10335.94	0.000108589217
10341.80	0.000108943719
10347.66	0.000106385193
10353.52	0.000104875795
10359.38	0.000105312292
10365.23	0.000110171460
10371.09	0.000104818472
10376.95	0.000103209234
10382.81	0.000100689746
10388.67	0.000103189178
10394.53	0.000110478193
10400.39	0.000110820675
10406.25	0.000105190734
10412.11	0.000102321638
10417.97	0.000106673172
10423.83	0.000106974195
10429.69	0.000104420269
10435.55	0.000099578659
10441.41	0.000102134415
10447.27	0.000108354430
10453.12	0.000106188878
10458.98	0.000105660861
10464.84	0.000106645357
10470.70	0.000104280507
10476.56	0.000102898955
10482.42	0.000103868180
10488.28	0.000102348651
10494.14	0.000101403261
10500.00	0.000103451739
10505.86	0.000101773855
10511.72	0.000099985534
10517.58	0.000102787701
10523.44	0.000106839120
10529.30	0.000111379273
10535.16	0.000106218393
10541.02	0.000106275055
10546.88	0.000109783104
10552.73	0.000110207618
10558.59	0.000108700452
10564.45	0.000106835740
10570.31	0.000102688266
10576.17	0.000100823011
10582.03	0.000103992005
10587.89	0.000106987148
10593.75	0.000104599824
10599.61	0.000108364016
10605.47	0.000110007275
10611.33	0.000104943010
10617.19	0.000102382987
10623.05	0.000099804493
10628.91	0.000103090731
10634.77	0.000100134375
10640.62	0.000105622183
10646.48	0.000106366995
10652.34	0.000103471932
10658.20	0.000103165257
10664.06	0.000101632905
10669.92	0.000101963923
10675.78	0.000105992157
10681.64	0.000105860787
10687.50	0.000101780174
10693.36	0.000104035896
10699.22	0.000103364442
10705.08	0.000104814026
10710.94	0.000104815001
10716.80	0.000098756493
10722.66	0.000099364904
10728.52	0.000108299136
10734.38	0.000107841046
10740.23	0.000105989359
10746.09	0.000101569960
10751.95	0.000098780810
10757.81	0.000101579723
10763.67	0.000106383161
10769.53	0.000107497695
10775.39	0.000107929019
10781.25	0.000105674739
10787.11	0.000104182072
10792.97	0.000105192390
10798.83	0.000102243575
10804.69	0.000097828711
10810.55	0.000098964446
10816.41	0.000105354078
10822.27	0.000107331753
10828.12	0.000105532082
10833.98	0.000103647952
10839.84	0.000106206632
10845.70	0.000106045408
10851.56	0.000102756505
10857.42	0.000102758005
10863.28	0.000107633544
10869.14	0.000107623556
10875.00	0.000107684660
10880.86	0.000101416968
10886.72	0.000100104051
10892.58	0.000103180296
10898.44	0.000102884076
10904.30	0.000105164781
10910.16	0.000105892103
10916.02	0.000107234811
10921.88	0.000110629429
10927.73	0.000109828193
10933.59	0.000108933485
10939.45	0.000111653529
10945.31	0.000107022884
10951.17	0.000105649476
10957.03	0.000103767205
10962.89	0.000107220881
10968.75	0.000107408380
10974.61	0.000104797302
10980.47	0.000106243893
10986.33	0.000108326148
10992.19	0.000105375098
10998.05	0.000106186478
11003.91	0.000107023549
11009.77	0.000108888553
11015.62	0.000112641830
11021.48	0.000109522668
11027.34	0.000104289293
11033.20	0.000103996819
11039.06	0.000105766457
11044.92	0.000105834036
11050.78	0.000103981925
11056.64	0.000108130378
11062.50	0.000109107602
11068.36	0.000105681633
11074.22	0.000104324655
11080.08	0.000106010744
11085.94	0.000099964215
11091.80	0.000100882657
11097.66	0.000104349207
11103.52	0.000105010222
11109.38	0.000106126434
11115.23	0.000103420974
11121.09	0.000108947716
11126.95	0.000104574670
11132.81	0.000104460930
11138.67	0.000105635213
11144.53	0.000104082593
11150.39	0.000101289147
11156.25	0.000104531068
11162.11	0.000105242217
11167.97	0.000106884268
11173.83	0.000103713831
11179.69	0.000102287481
11185.55	0.000108547252
11191.41	0.000107104036
11197.27	0.000103107327
11203.12	0.000103876937
11208.98	0.000105126653
11214.84	0.000103318637
11220.70	0.000103657007
11226.56	0.000102405467
11232.42	0.000103381100
11238.28	0.000104590070
11244.14	0.000105812737
11250.00	0.000106853359
11255.86	0.000106688042
11261.72	0.000109715994
11267.58	0.000109279983
11273.44	0.000106486217
11279.30	0.000106620286
11285.16	0.000108688483
11291.02	0.000110043745
11296.88	0.000105011770
11302.73	0.000107744781
11308.59	0.000107217874
11314.45	0.000105605094
11320.31	0.000108274879
11326.17	0.000107327425
11332.03	0.000105403293
11337.89	0.000105486863
11343.75	0.000108441869
11349.61	0.000108474006
11355.47	0.000100559783
11361.33	0.000101038667
11367.19	0.000103159633
11373.05	0.000105417720
11378.91	0.000103804049
11384.77	0.000100956131
11390.62	0.000102402378
11396.48	0.000104689292
11402.34	0.000108154822
11408.20	0.000106137082
11414.06	0.000109026165
11419.92	0.000104538088
11425.78	0.000105555599
11431.64	0.000103161574
11437.50	0.000106374482
11443.36	0.000106914288
11449.22	0.000108653838
11455.08	0.000107745387
11460.94	0.000104799816
11466.80	0.000103985575
11472.66	0.000107724023
11478.52	0.000105989056
11484.38	0.000101957109
11490.23	0.000101736881
11496.09	0.000105402387
11501.95	0.000111508247
11507.81	0.000108653118
11513.67	0.000106925085
11519.53	0.000105232647
11525.39	0.000101116413
11531.25	0.000103444266
11537.11	0.000103849538
11542.97	0.000100983652
11548.83	0.000103394443
11554.69	0.000106321977
11560.55	0.000106420573
11566.41	0.000106352006
11572.27	0.000104080827
11578.12	0.000105476559
11583.98	0.000105604096
11589.84	0.000101871948
11595.70	0.000105148616
11601.56	0.000102130875
11607.42	0.000106096556
11613.28	0.000107965564
11619.14	0.000106798206
11625.00	0.000106207708
11630.86	0.000105215107
11636.72	0.000108050684
11642.58	0.000106940912
11648.44	0.000106880753
11654.30	0.000105740096
11660.16	0.000107227132
11666.02	0.000102927623
11671.88	0.000103305713
11677.73	0.000102690396
11683.59	0.000103716563
11689.45	0.000106012002
11695.31	0.000105157230
11701.17	0.000103663365
11707.03	0.000103814539
11712.89	0.000104972958
11718.75	0.000101625027
11724.61	0.000098453870
11730.47	0.000107061732
11736.33	0.000101730897
11742.19	0.000106767238
11748.05	0.000107318117
11753.91	0.000104828306
11759.77	0.000111448214
11765.62	0.000111060410
11771.48	0.000106927896
11777.34	0.000105563953
11783.20	0.000107103668
11789.06	0.000105391582
11794.92	0.000105229434
11800.78	0.000104195211
11806.64	0.000104423362
11812.50	0.000104001047
11818.36	0.000104965517
11824.22	0.000106255655
11830.08	0.000108911293
11835.94	0.000108960863
11841.80	0.000109869115
11847.66	0.000109605483
11853.52	0.000104291104
11859.38	0.000104280780
11865.23	0.000107111579
11871.09	0.000111396951
11876.95	0.000107778661
11882.81	0.000104313058
11888.67	0.000104475418
11894.53	0.000104094858
11900.39	0.000104812174
11906.25	0.000109185798
11912.11	0.000109289826
11917.97	0.000106292967
11923.83	0.000109370271
11929.69	0.000108556509
11935.55	0.000104823742
11941.41	0.000107793732
11947.27	0.000108327551
11953.12	0.000105678313
11958.98	0.000103553753
11964.84	0.000106890283
11970.70	0.000107094654
11976.56	0.000108775125
11982.42	0.000104123881
11988.28	0.000104667623
11994.14	0.000105490354
12000.00	0.000104522709
12005.86	0.000105050396
12011.72	0.000108894018
12017.58	0.000115021289
12023.44	0.000108820660
12029.30	0.000104341386
12035.16	0.000107026729
12041.02	0.000104306039
12046.88	0.000104282972
12052.73	0.000106048990
12058.59	0.000103935259
12064.45	0.000099489239
12070.31	0.000102491283
12076.17	0.000102531862
12082.03	0.000103671367
12087.89	0.000103219248
12093.75	0.000103548775
12099.61	0.000098922470
12105.47	0.000105967473
12111.33	0.000111459218
12117.19	0.000110339151
12123.05	0.000109000162
12128.91	0.000104898001
12134.77	0.000105546653
12140.62	0.000109005327
12146.48	0.000107762527
12152.34	0.000103928223
12158.20	0.000105572929
12164.06	0.000101975866
12169.92	0.000105916595
12175.78	0.000109197443
12181.64	0.000108421413
12187.50	0.000104874271
12193.36	0.000103880217
12199.22	0.000099905511
12205.08	0.000100509827
12210.94	0.000103023789
12216.80	0.000107720394
12222.66	0.000109021879
12228.52	0.000108184591
12234.38	0.000108019507
12240.23	0.000103238939
12246.09	0.000104291826
12251.95	0.000106483046
12257.81	0.000106501615
12263.67	0.000106773607
12269.53	0.000107898748
12275.39	0.000106019185
12281.25	0.000102832614
12287.11	0.000105438993
12292.97	0.000103584292
12298.83	0.000106562026
12304.69	0.000105525432
12310.55	0.000101744306
12316.41	0.000101678378
12322.27	0.000108517284
12328.12	0.000105658869
12333.98	0.000101036302
12339.84	0.000106378536
12345.70	0.000104525467
12351.56	0.000105625085
12357.42	0.000110126166
12363.28	0.000109451167
12369.14	0.000106027800
12375.00	0.000107538161
12380.86	0.000105334625
12386.72	0.000107437710
12392.58	0.000101275873
12398.44	0.000103152874
12404.30	0.000105535293
12410.16	0.000102680428
12416.02	0.000104293503
12421.88	0.000103332325
12427.73	0.000105490229
12433.59	0.000106308693
12439.45	0.000106553254
12445.31	0.000106385488
12451.17	0.000103250201
12457.03	0.000105873121
12462.89	0.000105563350
12468.75	0.000107067403
12474.61	0.000108969640
12480.47	0.000105082323
12486.33	0.000108103793
12492.19	0.000106908787
12498.05	0.000107731868
12503.91	0.000108570514
12509.77	0.000105922435
12515.62	0.000103403238
12521.48	0.000103500097
12527.34	0.000105919684
12533.20	0.000103280460
12539.06	0.000102334792
12544.92	0.000099766804
12550.78	0.000104113185
12556.64	0.000106462283
12562.50	0.000105532397
12568.36	0.000107396857
12574.22	0.000111198816
12580.08	0.000108957232
12585.94	0.000103233342
12591.80	0.000103552638
12597.66	0.000103760797
12603.52	0.000106885244
12609.38	0.000109130587
12615.23	0.000108580423
12621.09	0.000109872335
12626.95	0.000108377882
12632.81	0.000109586250
12638.67	0.000107742653
12644.53	0.000109058080
12650.39	0.000105892170
12656.25	0.000110806759
12662.11	0.000107087476
12667.97	0.000104279328
12673.83	0.000104968707
12679.69	0.000109025074
12685.55	0.000108265700
12691.41	0.000107986714
12697.27	0.000105875524
12703.12	0.000103963091
12708.98	0.000102976591
12714.84	0.000103679238
12720.70	0.000110163159
12726.56	0.000107943212
12732.42	0.000107964273
12738.28	0.000106694690
12744.14	0.000106624658
12750.00	0.000104669184
12755.86	0.000103491206
12761.72	0.000105114018
12767.58	0.000105639092
12773.44	0.000107812181
12779.30	0.000103223789
12785.16	0.000105149808
12791.02	0.000109409886
12796.88	0.000106239697
12802.73	0.000105501716
12808.59	0.000105564196
12814.45	0.000105199057
12820.31	0.000105508032
12826.17	0.000100213312
12832.03	0.000104547211
12837.89	0.000106696655
12843.75	0.000107931223
12849.61	0.000107745977
12855.47	0.000101392188
12861.33	0.000104105538
12867.19	0.000106410633
12873.05	0.000107100338
12878.91	0.000108855455
12884.77	0.000107335080
12890.62	0.000102587578
12896.48	0.000101312076
12902.34	0.000103545005
12908.20	0.000104570713
12914.06	0.000104106883
12919.92	0.000109814671
12925.78	0.000113606908
12931.64	0.000105165443
12937.50	0.000107383377
12943.36	0.000110011309
12949.22	0.000113107839
12955.08	0.000105344453
12960.94	0.000099793417
12966.80	0.000102128645
12972.66	0.000106768886
12978.52	0.000109891324
12984.38	0.000105389399
12990.23	0.000103107062
12996.09	0.000104087716
13001.95	0.000101969900
13007.81	0.000109287523
13013.67	0.000111945699
13019.53	0.000112092923
13025.39	0.000109273637
13031.25	0.000106279731
13037.11	0.000104864389
13042.97	0.000106214568
13048.83	0.000105537479
13054.69	0.000107415655
13060.55	0.000109103109
13066.41	0.000106361138
13072.27	0.000107956274
13078.12	0.000112496030
13083.98	0.000106619611
13089.84	0.000108479281
13095.70	0.000110418818
13101.56	0.000105914456
13107.42	0.000100330861
13113.28	0.000107186407
13119.14	0.000106654601
13125.00	0.000102755104
13130.86	0.000105036087
13136.72	0.000104844026
13142.58	0.000107548503
13148.44	0.000104545636
13154.30	0.000109745734
13160.16	0.000117083446
13166.02	0.000112230967
13171.88	0.000107379136
13177.73	0.000107225903
13183.59	0.000105781477
13189.45	0.000109903385
13195.31	0.000106480773
13201.17	0.000107734740
13207.03	0.000109349312
13212.89	0.000105452832
13218.75	0.000106864544
13224.61	0.000105673165
13230.47	0.000106074553
13236.33	0.000103799629
13242.19	0.000101825247
13248.05	0.000102069433
13253.91	0.000105792429
13259.77	0.000106225431
13265.62	0.000102753341
13271.48	0.000103579572
13277.34	0.000105162585
13283.20	0.000106741511
13289.06	0.000106263921
13294.92	0.000105201143
13300.78	0.000102244658
13306.64	0.000103021666
13312.50	0.000104577972
13318.36	0.000103127760
13324.22	0.000103294020
13330.08	0.000101591681
13335.94	0.000101550581
13341.80	0.000103555785
13347.66	0.000106691375
13353.52	0.000105398280
13359.38	0.000105741374
13365.23	0.000104249027
13371.09	0.000100710966
13376.95	0.000102980878
13382.81	0.000102969507
13388.67	0.000108694461
13394.53	0.000103955687
13400.39	0.000102905892
13406.25	0.000108765186
13412.11	0.000108569252
13417.97	0.000106889217
13423.83	0.000103607280
13429.69	0.000104801140
13435.55	0.000107497498
13441.41	0.000105934584
13447.27	0.000104861212
13453.12	0.000104334911
13458.98	0.000109466727
13464.84	0.000107968350
13470.70	0.000105567399
13476.56	0.000103752724
13482.42	0.000108265856
13488.28	0.000110493358
13494.14	0.000108579465
13500.00	0.000106596978
13505.86	0.000106564546
13511.72	0.000105781879
13517.58	0.000107927102
13523.44	0.000111738916
13529.30	0.000106665482
13535.16	0.000099753122
13541.02	0.000104226921
13546.88	0.000107205990
13552.73	0.000103162104
13558.59	0.000100806136
13564.45	0.000105562276
13570.31	0.000107829658
13576.17	0.000105839840
13582.03	0.000105838540
13587.89	0.000106717541
13593.75	0.000103285584
13599.61	0.000103935185
13605.47	0.000107173493
13611.33	0.000108060050
13617.19	0.000105669539
13623.05	0.000105053719
13628.91	0.000104162925
13634.77	0.000109341513
13640.62	0.000113280191
13646.48	0.000105690769
13652.34	0.000107327104
13658.20	0.000109518638
13664.06	0.000107998249
13669.92	0.000102508701
13675.78	0.000109117003
13681.64	0.000108309108
13687.50	0.000104462708
13693.36	0.000105365258
13699.22	0.000103542954
13705.08	0.000109771962
13710.94	0.000105844844
13716.80	0.000107379086
13722.66	0.000107772535
13728.52	0.000107054980
13734.38	0.000105130160
13740.23	0.000099668557
13746.09	0.000098167404
13751.95	0.000102822148
13757.81	0.000103969707
13763.67	0.000100445971
13769.53	0.000101706408
13775.39	0.000105370231
13781.25	0.000105606876
13787.11	0.000106963349
13792.97	0.000108964355
13798.83	0.000107444285
13804.69	0.000106011462
13810.55	0.000103424062
13816.41	0.000105977962
13822.27	0.000105945710
13828.12	0.000109113273
13833.98	0.000109184156
13839.84	0.000103921027
13845.70	0.000102010141
13851.56	0.000105780037
13857.42	0.000108018528
13863.28	0.000105827809
13869.14	0.000102865894
13875.00	0.000107641083
13880.86	0.000102940537
13886.72	0.000105850814
13892.58	0.000107478713
13898.44	0.000108803896
13904.30	0.000102012821
13910.16	0.000104332849
13916.02	0.000102036341
13921.88	0.000101600920
13927.73	0.000102852215
13933.59	0.000105738312
13939.45	0.000106485752
13945.31	0.000107153631
13951.17	0.000107132923
13957.03	0.000101392527
13962.89	0.000100689076
13968.75	0.000102946988
13974.61	0.000107253109
13980.47	0.000109175591
13986.33	0.000108836105
13992.19	0.000103730852
13998.05	0.000105930931
14003.91	0.000108402103
14009.77	0.000104429412
14015.62	0.000104788635
14021.48	0.000104598627
14027.34	0.000107018411
14033.20	0.000106854969
14039.06	0.000106827296
14044.92	0.000106309878
14050.78	0.000106085834
14056.64	0.000107457551
14062.50	0.000109831313
14068.36	0.000106764777
14074.22	0.000109568389
14080.08	0.000111146772
14085.94	0.000105163971
14091.80	0.000101779253
14097.66	0.000099920292
14103.52	0.000103381334
14109.38	0.000107197082
14115.23	0.000105880586
14121.09	0.000111055137
14126.95	0.000105209643
14132.81	0.000103210608
14138.67	0.000106629152
14144.53	0.000105055385
14150.39	0.000103076812
14156.25	0.000105521315
14162.11	0.000103586052
14167.97	0.000102701460
14173.83	0.000102146195
14179.69	0.000102364378
14185.55	0.000107091909
14191.41	0.000104335774
14197.27	0.000101672516
14203.12	0.000103602089
14208.98	0.000106264905
14214.84	0.000107428592
14220.70	0.000103393232
14226.56	0.000104189088
14232.42	0.000100879248
14238.28	0.000106309282
14244.14	0.000112136368
14250.00	0.000104176688
14255.86	0.000097317957
14261.72	0.000104546167
14267.58	0.000106787877
14273.44	0.000108419828
14279.30	0.000104530274
14285.16	0.000105985908
14291.02	0.000106827750
14296.88	0.000106130309
14302.73	0.000105075633
14308.59	0.000102095936
14314.45	0.000108229809
14320.31	0.000106891562
14326.17	0.000103126909
14332.03	0.000103145325
14337.89	0.000104519732
14343.75	0.000106778312
14349.61	0.000108325141
14355.47	0.000100628212
14361.33	0.000098723015
14367.19	0.000105894786
14373.05	0.000106241619
14378.91	0.000102887175
14384.77	0.000099969124
14390.62	0.000102489118
14396.48	0.000104459899
14402.34	0.000108665603
14408.20	0.000103188670
14414.06	0.000106305584
14419.92	0.000107735843
14425.78	0.000105677668
14431.64	0.000109241903
14437.50	0.000106526785
14443.36	0.000109786128
14449.22	0.000108147512
14455.08	0.000106053841
14460.94	0.000105336679
14466.80	0.000102312116
14472.66	0.000101730048
14478.52	0.000100973777
14484.38	0.000108280687
14490.23	0.000111226658
14496.09	0.000106430461
14501.95	0.000099408292
14507.81	0.000100582426
14513.67	0.000103483157
14519.53	0.000104094121
14525.39	0.000100382281
14531.25	0.000099267334
14537.11	0.000102778755
14542.97	0.000104888688
14548.83	0.000105007560
14554.69	0.000106709357
14560.55	0.000102697794
14566.41	0.000101531786
14572.27	0.000102847312
14578.12	0.000105922188
14583.98	0.000105340484
14589.84	0.000107574021
14595.70	0.000108589575
14601.56	0.000112050392
14607.42	0.000108396500
14613.28	0.000108451151
14619.14	0.000111024318
14625.00	0.000110472018
14630.86	0.000104785241
14636.72	0.000107276602
14642.58	0.000105274143
14648.44	0.000103428230
14654.30	0.000104987006
14660.16	0.000103016706
14666.02	0.000106048569
14671.88	0.000107779739
14677.73	0.000108263395
14683.59	0.000104002080
14689.45	0.000104407538
14695.31	0.000108729647
14701.17	0.000104632208
14707.03	0.000103156324
14712.89	0.000105775188
14718.75	0.000102730538
14724.61	0.000101586242
14730.47	0.000103595261
14736.33	0.000099371316
14742.19	0.000099762471
14748.05	0.000099571255
14753.91	0.000103496609
14759.77	0.000108789064
14765.62	0.000109165115
14771.48	0.000106763820
14777.34	0.000105937710
14783.20	0.000102308106
14789.06	0.000102993896
14794.92	0.000105415651
14800.78	0.000103157524
14806.64	0.000106170608
14812.50	0.000102529639
14818.36	0.000105983940
14824.22	0.000105493528
14830.08	0.000104497928
14835.94	0.000104023422
14841.80	0.000098327467
14847.66	0.000101147082
14853.52	0.000105882824
14859.38	0.000104566264
14865.23	0.000108586914
14871.09	0.000105362342
14876.95	0.000102353795
14882.81	0.000102881892
14888.67	0.000103505245
14894.53	0.000105005374
14900.39	0.000106302062
14906.25	0.000104630035
14912.11	0.000106039977
14917.97	0.000103508318
14923.83	0.000104243388
14929.69	0.000103852059
14935.55	0.000107292214
14941.41	0.000110350566
14947.27	0.000103956943
14953.12	0.000103733365
14958.98	0.000111127452
14964.84	0.000108054448
14970.70	0.000105955298
14976.56	0.000104701883
14982.42	0.000105431814
14988.28	0.000107095049
14994.14	0.000109883354
15000.00	0.000103670379
15005.86	0.000104293737
15011.72	0.000104236549
15017.58	0.000103647644
15023.44	0.000103867770
15029.30	0.000103027506
15035.16	0.000104458767
15041.02	0.000105921941
15046.88	0.000106712622
15052.73	0.000106797463
15058.59	0.000107512368
15064.45	0.000101920617
15070.31	0.000101034559
15076.17	0.000099921738
15082.03	0.000102101081
15087.89	0.000108754816
15093.75	0.000109107076
15099.61	0.000105198803
15105.47	0.000102899232
15111.33	0.000102701578
15117.19	0.000104308125
15123.05	0.000102166251
15128.91	0.000102342268
15134.77	0.000110739040
15140.62	0.000107597186
15146.48	0.000104871020
15152.34	0.000103438762
15158.20	0.000103577171
15164.06	0.000104997072
15169.92	0.000103009254
15175.78	0.000104404701
15181.64	0.000103259273
15187.50	0.000103588514
15193.36	0.000103062558
15199.22	0.000103312602
15205.08	0.000104667731
15210.94	0.000103262337
15216.80	0.000103077758
15222.66	0.000103290272
15228.52	0.000098524502
15234.38	0.000101734239
15240.23	0.000104752352
15246.09	0.000107863972
15251.95	0.000108521529
15257.81	0.000109373314
15263.67	0.000105627104
15269.53	0.000105075180
15275.39	0.000103845582
15281.25	0.000102752789
15287.11	0.000106056853
15292.97	0.000100595769
15298.83	0.000104519197
15304.69	0.000106145712
15310.55	0.000107448317
15316.41	0.000104591974
15322.27	0.000102934947
15328.12	0.000103988909
15333.98	0.000103803940
15339.84	0.000104208061
15345.70	0.000100570992
15351.56	0.000102881058
15357.42	0.000104081664
15363.28	0.000105386602
15369.14	0.000106697831
15375.00	0.000104723214
15380.86	0.000103735487
15386.72	0.000106814341
15392.58	0.000106715973
15398.44	0.000108453765
15404.30	0.000104619074
15410.16	0.000110957146
15416.02	0.000108615246
15421.88	0.000101629512
15427.73	0.000102935405
15433.59	0.000105731790
15439.45	0.000107261378
15445.31	0.000107888379
15451.17	0.000104298645
15457.03	0.000104605799
15462.89	0.000105372202
15468.75	0.000108567003
15474.61	0.000103057539
15480.47	0.000102945188
15486.33	0.000107824614
15492.19	0.000105348591
15498.05	0.000101451121
15503.91	0.000102010223
15509.77	0.000105954613
15515.62	0.000112194318
15521.48	0.000104899355
15527.34	0.000104498604
15533.20	0.000105415325
15539.06	0.000107052459
15544.92	0.000105215960
15550.78	0.000103244281
15556.64	0.000104911072
15562.50	0.000104481772
15568.36	0.000105331188
15574.22	0.000102785607
15580.08	0.000105293645
15585.94	0.000102749538
15591.80	0.000108754381
15597.66	0.000110851197
15603.52	0.000105138571
15609.38	0.000105354433
15615.23	0.000106748866
15621.09	0.000103227550
15626.95	0.000103879554
15632.81	0.000100257428
15638.67	0.000103643514
15644.53	0.000113650770
15650.39	0.000111064752
15656.25	0.000104127261
15662.11	0.000105887946
15667.97	0.000105175787
15673.83	0.000106710902
15679.69	0.000104710667
15685.55	0.000108746735
15691.41	0.000109890393
15697.27	0.000105798282
15703.12	0.000105672673
15708.98	0.000107507637
15714.84	0.000111624133
15720.70	0.000113110528
15726.56	0.000112472478
15732.42	0.000103840476
15738.28	0.000102392290
15744.14	0.000108284542
15750.00	0.000107590406
15755.86	0.000106113196
15761.72	0.000104464860
15767.58	0.000108446746
15773.44	0.000109306953
15779.30	0.000104381738
15785.16	0.000101125934
15791.02	0.000100113683
15796.88	0.000105958736
15802.73	0.000106212415
15808.59	0.000102846273
15814.45	0.000109391391
15820.31	0.000112129734
15826.17	0.000106932977
15832.03	0.000107274458
15837.89	0.000104131633
15843.75	0.000102439024
15849.61	0.000102547596
15855.47	0.000103803719
15861.33	0.000103960144
15867.19	0.000109798517
15873.05	0.000109518261
15878.91	0.000101468705
15884.77	0.000099868855
15890.62	0.000106342987
15896.48	0.000107046973
15902.34	0.000101969188
15908.20	0.000106171523
15914.06	0.000105236127
15919.92	0.000108150627
15925.78	0.000110208765
15931.64	0.000104850991
15937.50	0.000107078902
15943.36	0.000107573917
15949.22	0.000107442173
15955.08	0.000103831575
15960.94	0.000104475992
15966.80	0.000103403832
15972.66	0.000102493741
15978.52	0.000103737847
15984.38	0.000110346701
15990.23	0.000106386746
15996.09	0.000107995557
16001.95	0.000107229931
16007.81	0.000104838411
16013.67	0.000106322822
16019.53	0.000104184574
16025.39	0.000107330312
16031.25	0.000107058528
16037.11	0.000111281101
16042.97	0.000111718327
16048.83	0.000104960958
16054.69	0.000100120966
16060.55	0.000101921125
16066.41	0.000111343206
16072.27	0.000108630663
16078.12	0.000107445951
16083.98	0.000100249519
16089.84	0.000100953198
16095.70	0.000101440771
16101.56	0.000104819076
16107.42	0.000104619061
16113.28	0.000104220833
16119.14	0.000103657481
16125.00	0.000103071776
16130.86	0.000109164659
16136.72	0.000108165272
16142.58	0.000107421052
16148.44	0.000105029277
16154.30	0.000102274126
16160.16	0.000105067390
16166.02	0.000104245966
16171.88	0.000104783387
16177.73	0.000105071248
16183.59	0.000104121751
16189.45	0.000104407357
16195.31	0.000104404471
16201.17	0.000104847487
16207.03	0.000106227517
16212.89	0.000102660848
16218.75	0.000102598216
16224.61	0.000102604289
16230.47	0.000102864593
16236.33	0.000104614731
16242.19	0.000102255510
16248.05	0.000106664060
16253.91	0.000105400985
16259.77	0.000105721094
16265.62	0.000105476390
16271.48	0.000106810081
16277.34	0.000105754977
16283.20	0.000105312799
16289.06	0.000112477838
16294.92	0.000106062307
16300.78	0.000103157604
16306.64	0.000105903266
16312.50	0.000100267287
16318.36	0.000100876191
16324.22	0.000106506802
16330.08	0.000108454264
16335.94	0.000109816386
16341.80	0.000109993131
16347.66	0.000114843447
16353.52	0.000110830305
16359.38	0.000103293080
16365.23	0.000102239963
16371.09	0.000101666733
16376.95	0.000102868334
16382.81	0.000105442283
16388.67	0.000106089786
16394.53	0.000101923707
16400.39	0.000102756771
16406.25	0.000105688095
16412.11	0.000104564360
16417.97	0.000103896712
16423.83	0.000102366443
16429.69	0.000099404816
16435.55	0.000103841369
16441.41	0.000105625941
16447.27	0.000105718210
16453.12	0.000105420302
16458.98	0.000107657600
16464.84	0.000107991411
16470.70	0.000105355824
16476.56	0.000106056929
16482.42	0.000105727853
16488.28	0.000103251568
16494.14	0.000099326700
16500.00	0.000102751207
16505.86	0.000105932646
16511.72	0.000102518920
16517.58	0.000101578907
16523.44	0.000109743182
16529.30	0.000112290710
16535.16	0.000108820409
16541.02	0.000103789557
16546.88	0.000099831815
16552.73	0.000107470474
16558.59	0.000110174664
16564.45	0.000104718927
16570.31	0.000105472633
16576.17	0.000107810411
16582.03	0.000108261691
16587.89	0.000107124587
16593.75	0.000104699338
16599.61	0.000108440180
16605.47	0.000109171815
16611.33	0.000108186698
16617.19	0.000108998864
16623.05	0.000106028984
16628.91	0.000101927016
16634.77	0.000101005424
16640.62	0.000104372085
16646.48	0.000107897959
16652.34	0.000109638676
16658.20	0.000103702857
16664.06	0.000107501185
16669.92	0.000103848148
16675.78	0.000106179986
16681.64	0.000103673659
16687.50	0.000110640077
16693.36	0.000111914983
16699.22	0.000107027470
16705.08	0.000108045770
16710.94	0.000103678484
16716.80	0.000110705426
16722.66	0.000110146313
16728.52	0.000106599053
16734.38	0.000108529750
16740.23	0.000104137676
16746.09	0.000104268220
16751.95	0.000107228724
16757.81	0.000104028939
16763.67	0.000100026907
16769.53	0.000103317875
16775.39	0.000104722018
16781.25	0.000107524884
16787.11	0.000101528926
16792.97	0.000103978761
16798.83	0.000107568314
16804.69	0.000110461683
16810.55	0.000110304027
16816.41	0.000106635550
16822.27	0.000108199629
16828.12	0.000108446056
16833.98	0.000109926607
16839.84	0.000109299996
16845.70	0.000108733505
16851.56	0.000103392854
16857.42	0.000104337793
16863.28	0.000107676908
16869.14	0.000107608882
16875.00	0.000104191755
16880.86	0.000102972092
16886.72	0.000106114134
16892.58	0.000109188362
16898.44	0.000109206846
16904.30	0.000109697789
16910.16	0.000104790113
16916.02	0.000106357700
16921.88	0.000106756441
16927.73	0.000104088896
16933.59	0.000105438985
16939.45	0.000108322414
16945.31	0.000104245405
16951.17	0.000100843955
16957.03	0.000104509395
16962.89	0.000103285651
16968.75	0.000102321262
16974.61	0.000104722233
16980.47	0.000108418881
16986.33	0.000103425097
16992.19	0.000102253904
16998.05	0.000109952911
17003.91	0.000107718328
17009.77	0.000107085310
17015.62	0.000103508254
17021.48	0.000100983482
17027.34	0.000102777496
17033.20	0.000103690623
17039.06	0.000108988805
17044.92	0.000105376444
17050.78	0.000108116291
17056.64	0.000103459352
17062.50	0.000102535085
17068.36	0.000103694127
17074.22	0.000107978742
17080.08	0.000108400359
17085.94	0.000107495821
17091.80	0.000106756625
17097.66	0.000105748852
17103.52	0.000107403778
17109.38	0.000110059660
17115.23	0.000108882042
17121.09	0.000107733631
17126.95	0.000104871215
17132.81	0.000100527137
17138.67	0.000103944972
17144.53	0.000105339654
17150.39	0.000105208592
17156.25	0.000101637649
17162.11	0.000105662532
17167.97	0.000105176190
17173.83	0.000103379830
17179.69	0.000104053604
17185.55	0.000104416967
17191.41	0.000106290788
17197.27	0.000106243398
17203.12	0.000103571558
17208.98	0.000107097162
17214.84	0.000106072834
17220.70	0.000106036776
17226.56	0.000104141899
17232.42	0.000102064213
17238.28	0.000100089247
17244.14	0.000096435816
17250.00	0.000100253465
17255.86	0.000109431305
17261.72	0.000113309969
17267.58	0.000111368729
17273.44	0.000108753950
17279.30	0.000103750018
17285.16	0.000103223841
17291.02	0.000102481594
17296.88	0.000103304719
17302.73	0.000101661007
17308.59	0.000104996199
17314.45	0.000104865998
17320.31	0.000107227212
17326.17	0.000103344422
17332.03	0.000106215299
17337.89	0.000108378640
17343.75	0.000109723765
17349.61	0.000103741276
17355.47	0.000100437504
17361.33	0.000102829432
17367.19	0.000104343360
17373.05	0.000105207358
17378.91	0.000109192204
17384.77	0.000112128846
17390.62	0.000108046887
17396.48	0.000106387768
17402.34	0.000108772411
17408.20	0.000108247265
17414.06	0.000106708410
17419.92	0.000101916590
17425.78	0.000105033744
17431.64	0.000105732019
17437.50	0.000104212715
17443.36	0.000105470170
17449.22	0.000108548141
17455.08	0.000105322257
17460.94	0.000112638593
17466.80	0.000109193125
17472.66	0.000101668888
17478.52	0.000104659025
17484.38	0.000102980228
17490.23	0.000104755954
17496.09	0.000108306909
17501.95	0.000106596147
17507.81	0.000101673189
17513.67	0.000107962198
17519.53	0.000105622063
17525.39	0.000105527857
17531.25	0.000107788986
17537.11	0.000108902401
17542.97	0.000104190131
17548.83	0.000107264017
17554.69	0.000106988120
17560.55	0.000101785536
17566.41	0.000100001301
17572.27	0.000104190817
17578.12	0.000107085971
17583.98	0.000107125150
17589.84	0.000106388684
17595.70	0.000103595026
17601.56	0.000103634041
17607.42	0.000104407523
17613.28	0.000103052587
17619.14	0.000107331827
17625.00	0.000108470463
17630.86	0.000106495310
17636.72	0.000102615690
17642.58	0.000102261856
17648.44	0.000100328007
17654.30	0.000101636919
17660.16	0.000105373726
17666.02	0.000107251266
17671.88	0.000105601847
17677.73	0.000107147131
17683.59	0.000106118815
17689.45	0.000105636095
17695.31	0.000104083085
17701.17	0.000108021474
17707.03	0.000110810603
17712.89	0.000112330977
17718.75	0.000109044210
17724.61	0.000105077992
17730.47	0.000107822766
17736.33	0.000107732684
17742.19	0.000102139537
17748.05	0.000103793641
17753.91	0.000105573302
17759.77	0.000105550003
17765.62	0.000105603576
17771.48	0.000108623818
17777.34	0.000104177685
17783.20	0.000106218330
17789.06	0.000105802338
17794.92	0.000108144253
17800.78	0.000110314666
17806.64	0.000108581634
17812.50	0.000104540638
17818.36	0.000102808465
17824.22	0.000102066793
17830.08	0.000098421716
17835.94	0.000100915825
17841.80	0.000102134560
17847.66	0.000106244896
17853.52	0.000105263825
17859.38	0.000110711322
17865.23	0.000107399857
17871.09	0.000102995240
17876.95	0.000101964377
17882.81	0.000104511791
17888.67	0.000105741435
17894.53	0.000110244633
17900.39	0.000111396196
17906.25	0.000108561984
17912.11	0.000108019487
17917.97	0.000106637590
17923.83	0.000111772250
17929.69	0.000114251040
17935.55	0.000114864497
17941.41	0.000111345094
17947.27	0.000108369234
17953.12	0.000103387339
17958.98	0.000102328676
17964.84	0.000107796076
17970.70	0.000112422106
17976.56	0.000109189232
17982.42	0.000110102573
17988.28	0.000107400121
17994.14	0.000102597346
18000.00	0.000105229361
18005.86	0.000109119137
18011.72	0.000107668786
18017.58	0.000104917349
18023.44	0.000106677465
18029.30	0.000108347331
18035.16	0.000107611640
18041.02	0.000106074599
18046.88	0.000110227202
18052.73	0.000106771525
18058.59	0.000110693893
18064.45	0.000113710108
18070.31	0.000109752787
18076.17	0.000106764661
18082.03	0.000100472560
18087.89	0.000098541320
18093.75	0.000098950234
18099.61	0.000105056377
18105.47	0.000105009946
18111.33	0.000105394853
18117.19	0.000105375981
18123.05	0.000106413385
18128.91	0.000109154713
18134.77	0.000107628914
18140.62	0.000104224602
18146.48	0.000103864040
18152.34	0.000101851269
18158.20	0.000103820996
18164.06	0.000105696625
18169.92	0.000106812811
18175.78	0.000107855028
18181.64	0.000109210584
18187.50	0.000107116367
18193.36	0.000107193736
18199.22	0.000101584548
18205.08	0.000103787304
18210.94	0.000110581053
18216.80	0.000111280284
18222.66	0.000109193905
18228.52	0.000108425866
18234.38	0.000110282135
18240.23	0.000106984209
18246.09	0.000100942156
18251.95	0.000104694750
18257.81	0.000108249458
18263.67	0.000105270349
18269.53	0.000105328970
18275.39	0.000107999686
18281.25	0.000106368083
18287.11	0.000104109917
18292.97	0.000101668299
18298.83	0.000107342836
18304.69	0.000107185189
18310.55	0.000104872888
18316.41	0.000106327091
18322.27	0.000107528189
18328.12	0.000105554187
18333.98	0.000103116436
18339.84	0.000100552266
18345.70	0.000098256532
18351.56	0.000097452923
18357.42	0.000106168412
18363.28	0.000111599766
18369.14	0.000106377238
18375.00	0.000104806347
18380.86	0.000105815581
18386.72	0.000106383226
18392.58	0.000106598638
18398.44	0.000106036305
18404.30	0.000100936200
18410.16	0.000103913163
18416.02	0.000107237894
18421.88	0.000106355764
18427.73	0.000107171841
18433.59	0.000113574664
18439.45	0.000107939546
18445.31	0.000106876133
18451.17	0.000106210581
18457.03	0.000107106991
18462.89	0.000106042638
18468.75	0.000106889576
18474.61	0.000111988740
18480.47	0.000113245945
18486.33	0.000105759001
18492.19	0.000104650927
18498.05	0.000106284084
18503.91	0.000105976305
18509.77	0.000103146911
18515.62	0.000109596576
18521.48	0.000104727454
18527.34	0.000107168697
18533.20	0.000112114569
18539.06	0.000108585696
18544.92	0.000106506465
18550.78	0.000107193540
18556.64	0.000111388161
18562.50	0.000108887760
18568.36	0.000107219807
18574.22	0.000106372828
18580.08	0.000107100897
18585.94	0.000106669633
18591.80	0.000105679954
18597.66	0.000103675399
18603.52	0.000104152206
18609.38	0.000102435581
18615.23	0.000105653550
18621.09	0.000108151867
18626.95	0.000106495832
18632.81	0.000107177323
18638.67	0.000106388127
18644.53	0.000109119400
18650.39	0.000105490721
18656.25	0.000108511812
18662.11	0.000108811528
18667.97	0.000105189149
18673.83	0.000107180965
18679.69	0.000107239067
18685.55	0.000103746350
18691.41	0.000100021935
18697.27	0.000099095538
18703.12	0.000105958926
18708.98	0.000105947304
18714.84	0.000104238346
18720.70	0.000112267246
18726.56	0.000111308084
18732.42	0.000109202528
18738.28	0.000109352557
18744.14	0.000106888983
18750.00	0.000114226688
18755.86	0.000108133252
18761.72	0.000105270350
18767.58	0.000105503178
18773.44	0.000102140633
18779.30	0.000102835581
18785.16	0.000103999160
18791.02	0.000100087071
18796.88	0.000102810626
18802.73	0.000107614213
18808.59	0.000108901241
18814.45	0.000104118434
18820.31	0.000103031437
18826.17	0.000103641944
18832.03	0.000108051880
18837.89	0.000112526705
18843.75	0.000109178061
18849.61	0.000108533625
18855.47	0.000108716358
18861.33	0.000106577345
18867.19	0.000103731025
18873.05	0.000108624879
18878.91	0.000109956560
18884.77	0.000111726357
18890.62	0.000109229857
18896.48	0.000106755479
18902.34	0.000104076210
18908.20	0.000107805915
18914.06	0.000110779400
18919.92	0.000111030597
18925.78	0.000109038544
18931.64	0.000108589417
18937.50	0.000104921408
18943.36	0.000101557365
18949.22	0.000101058365
18955.08	0.000102588748
18960.94	0.000105222249
18966.80	0.000105192285
18972.66	0.000104716917
18978.52	0.000107005306
18984.38	0.000101981479
18990.23	0.000098259764
18996.09	0.000105318842
19001.95	0.000106944372
19007.81	0.000103791558
19013.67	0.000102653123
19019.53	0.000104916236
19025.39	0.000109650252
19031.25	0.000106835404
19037.11	0.000107782501
19042.97	0.000107674312
19048.83	0.000104840347
19054.69	0.000102395630
19060.55	0.000103775522
19066.41	0.000106628037
19072.27	0.000105081507
19078.12	0.000107809232
19083.98	0.000108060796
19089.84	0.000107339031
19095.70	0.000104548723
19101.56	0.000105466397
19107.42	0.000105089479
19113.28	0.000105008972
19119.14	0.000104575506
19125.00	0.000105982263
19130.86	0.000107418537
19136.72	0.000104923709
19142.58	0.000108610309
19148.44	0.000108735351
19154.30	0.000106768525
19160.16	0.000106411480
19166.02	0.000100029205
19171.88	0.000104651904
19177.73	0.000107510273
19183.59	0.000104329553
19189.45	0.000105579418
19195.31	0.000106639421
19201.17	0.000104221079
19207.03	0.000101149081
19212.89	0.000103477374
19218.75	0.000106374646
19224.61	0.000110196847
19230.47	0.000107431463
19236.33	0.000103356508
19242.19	0.000102351987
19248.05	0.000107189524
19253.91	0.000108659237
19259.77	0.000106024491
19265.62	0.000103419526
19271.48	0.000107573648
19277.34	0.000108985751
19283.20	0.000106567365
19289.06	0.000104074225
19294.92	0.000103086088
19300.78	0.000101735545
19306.64	0.000101632823
19312.50	0.000104157455
19318.36	0.000110080324
19324.22	0.000107604118
19330.08	0.000106080044
19335.94	0.000101041740
19341.80	0.000100249220
19347.66	0.000103425824
19353.52	0.000104014796
19359.38	0.000102460107
19365.23	0.000102993621
19371.09	0.000106928269
19376.95	0.000103611438
19382.81	0.000102960466
19388.67	0.000103595731
19394.53	0.000104427287
19400.39	0.000103989953
19406.25	0.000105992070
19412.11	0.000106861788
19417.97	0.000108788952
19423.83	0.000110796986
19429.69	0.000106493127
19435.55	0.000104654010
19441.41	0.000104367411
19447.27	0.000108797518
19453.12	0.000104735299
19458.98	0.000108468477
19464.84	0.000104898169
19470.70	0.000102066654
19476.56	0.000105311188
19482.42	0.000106784612
19488.28	0.000103182113
19494.14	0.000101314572
19500.00	0.000101950641
19505.86	0.000103823300
19511.72	0.000103037289
19517.58	0.000106370649
19523.44	0.000106296980
19529.30	0.000103243625
19535.16	0.000105786390
19541.02	0.000103390113
19546.88	0.000098817936
19552.73	0.000103793301
19558.59	0.000105018195
19564.45	0.000103770383
19570.31	0.000107712817
19576.17	0.000105497809
19582.03	0.000103943341
19587.89	0.000103836346
19593.75	0.000107342195
19599.61	0.000108078338
19605.47	0.000106758427
19611.33	0.000105522255
19617.19	0.000106102110
19623.05	0.000104017223
19628.91	0.000106089247
19634.77	0.000105672926
19640.62	0.000105839016
19646.48	0.000104552822
19652.34	0.000104400766
19658.20	0.000107460256
19664.06	0.000108536407
19669.92	0.000110007437
19675.78	0.000108503767
19681.64	0.000109790725
19687.50	0.000106219463
19693.36	0.000104934589
19699.22	0.000107522535
19705.08	0.000106098742
19710.94	0.000106391538
19716.80	0.000105196772
19722.66	0.000105825652
19728.52	0.000104761391
19734.38	0.000104686062
19740.23	0.000103466357
19746.09	0.000105265864
19751.95	0.000106128858
19757.81	0.000106718023
19763.67	0.000104616561
19769.53	0.000106385573
19775.39	0.000107057022
19781.25	0.000106135362
19787.11	0.000106904870
19792.97	0.000106069107
19798.83	0.000104801865
19804.69	0.000102661286
19810.55	0.000105383269
19816.41	0.000108598074
19822.27	0.000106694648
19828.12	0.000111482024
19833.98	0.000111104249
19839.84	0.000105500201
19845.70	0.000102570509
19851.56	0.000102882937
19857.42	0.000105225692
19863.28	0.000106194885
19869.14	0.000107362475
19875.00	0.000103668952
19880.86	0.000106854059
19886.72	0.000105750185
19892.58	0.000107243939
19898.44	0.000108510905
19904.30	0.000110734243
19910.16	0.000105556510
19916.02	0.000104291235
19921.88	0.000105169690
19927.73	0.000102101221
19933.59	0.000100939931
19939.45	0.000100290922
19945.31	0.000109562770
19951.17	0.000105575651
19957.03	0.000101381290
19962.89	0.000105433533
19968.75	0.000106357210
19974.61	0.000105705619
19980.47	0.000101947403
19986.33	0.000106320028
19992.19	0.000113645227
19998.05	0.000107566790
20003.91	0.000106977906
20009.77	0.000107769705
20015.62	0.000106126623
20021.48	0.000101512045
20027.34	0.000102419739
20033.20	0.000106586683
20039.06	0.000105012378
20044.92	0.000103897952
20050.78	0.000105805636
20056.64	0.000108170971
20062.50	0.000108266141
20068.36	0.000107874315
20074.22	0.000104617160
20080.08	0.000104433131
20085.94	0.000103012434
20091.80	0.000107194722
20097.66	0.000108701620
20103.52	0.000101800861
20109.38	0.000101983165
20115.23	0.000105825878
20121.09	0.000108374095
20126.95	0.000109701477
20132.81	0.000110172470
20138.67	0.000106771142
20144.53	0.000106362596
20150.39	0.000108919284
20156.25	0.000109092684
20162.11	0.000105777391
20167.97	0.000104617177
20173.83	0.000099739043
20179.69	0.000103626316
20185.55	0.000104962429
20191.41	0.000106990782
20197.27	0.000107010792
20203.12	0.000111083636
20208.98	0.000108834572
20214.84	0.000106247566
20220.70	0.000104789183
20226.56	0.000104256555
20232.42	0.000102313721
20238.28	0.000104182673
20244.14	0.000108083854
20250.00	0.000106162370
20255.86	0.000109494031
20261.72	0.000107553316
20267.58	0.000106907787
20273.44	0.000104667908
20279.30	0.000109163453
20285.16	0.000109198393
20291.02	0.000104830155
20296.88	0.000101833979
20302.73	0.000102614945
20308.59	0.000104424527
20314.45	0.000105706989
20320.31	0.000104582318
20326.17	0.000108671075
20332.03	0.000108820540
20337.89	0.000107169215
20343.75	0.000107007644
20349.61	0.000107044608
20355.47	0.000108497745
20361.33	0.000108053045
20367.19	0.000104778132
20373.05	0.000106303269
20378.91	0.000108530836
20384.77	0.000103653658
20390.62	0.000104766670
20396.48	0.000105460127
20402.34	0.000103848249
20408.20	0.000101124305
20414.06	0.000104360832
20419.92	0.000102936849
20425.78	0.000101653714
20431.64	0.000105230256
20437.50	0.000104404434
20443.36	0.000107589070
20449.22	0.000110970046
20455.08	0.000109350215
20460.94	0.000103742250
20466.80	0.000106652714
20472.66	0.000108317492
20478.52	0.000104207373
20484.38	0.000100599831
20490.23	0.000102654057
20496.09	0.000103822153
20501.95	0.000111490203
20507.81	0.000111063526
20513.67	0.000108401454
20519.53	0.000106593572
20525.39	0.000109930367
20531.25	0.000112032595
20537.11	0.000103375685
20542.97	0.000104153989
20548.83	0.000107089326
20554.69	0.000107196774
20560.55	0.000103663427
20566.41	0.000104964654
20572.27	0.000105403662
20578.12	0.000104348497
20583.98	0.000103097904
20589.84	0.000102383515
20595.70	0.000104194037
20601.56	0.000107305655
20607.42	0.000109107561
20613.28	0.000106030700
20619.14	0.000104388944
20625.00	0.000102816114
20630.86	0.000104258279
20636.72	0.000106150235
20642.58	0.000105506902
20648.44	0.000105217381
20654.30	0.000105403756
20660.16	0.000107468375
20666.02	0.000108354851
20671.88	0.000104389593
20677.73	0.000102943135
20683.59	0.000100234157
20689.45	0.000104895578
20695.31	0.000102672517
20701.17	0.000103063965
20707.03	0.000105135302
20712.89	0.000108588161
20718.75	0.000109377141
20724.61	0.000108026561
20730.47	0.000109984155
20736.33	0.000106281602
20742.19	0.000103032542
20748.05	0.000105254741
20753.91	0.000107249786
20759.77	0.000102411985
20765.62	0.000105394130
20771.48	0.000102104355
20777.34	0.000101698130
20783.20	0.000105478024
20789.06	0.000107316314
20794.92	0.000106002543
20800.78	0.000105648273
20806.64	0.000112953818
20812.50	0.000107902822
20818.36	0.000103254178
20824.22	0.000106965427
20830.08	0.000104870238
20835.94	0.000102687192
20841.80	0.000103393520
20847.66	0.000103292920
20853.52	0.000102608839
20859.38	0.000102706282
20865.23	0.000106118831
20871.09	0.000106358442
20876.95	0.000108987520
20882.81	0.000110622078
20888.67	0.000110814415
20894.53	0.000109516033
20900.39	0.000104528093
20906.25	0.000103940686
20912.11	0.000105936817
20917.97	0.000106213878
20923.83	0.000109967442
20929.69	0.000106058162
20935.55	0.000103960360
20941.41	0.000104635162
20947.27	0.000107252552
20953.12	0.000114024181
20958.98	0.000113003551
20964.84	0.000111385253
20970.70	0.000107430323
20976.56	0.000106751145
20982.42	0.000105828505
20988.28	0.000105806968
20994.14	0.000106205410
21000.00	0.000106728625
21005.86	0.000101431440
21011.72	0.000101031738
21017.58	0.000101215854
21023.44	0.000107390221
21029.30	0.000108383564
21035.16	0.000105360997
21041.02	0.000102023728
21046.88	0.000101600923
21052.73	0.000102713615
21058.59	0.000109354837
21064.45	0.000104826680
21070.31	0.000101769437
21076.17	0.000101248542
21082.03	0.000101155700
21087.89	0.000103798156
21093.75	0.000102786360
21099.61	0.000106210428
21105.47	0.000103819185
21111.33	0.000104230899
21117.19	0.000103788163
21123.05	0.000104950296
21128.91	0.000107373261
21134.77	0.000102620359
21140.62	0.000101313912
21146.48	0.000102638114
21152.34	0.000107799001
21158.20	0.000107286996
21164.06	0.000105985355
21169.92	0.000105999920
21175.78	0.000109584461
21181.64	0.000105192534
21187.50	0.000102037133
21193.36	0.000100665368
21199.22	0.000101541141
21205.08	0.000108635705
21210.94	0.000108657500
21216.80	0.000107599543
21222.66	0.000109190077
21228.52	0.000107880725
21234.38	0.000109666334
21240.23	0.000105601120
21246.09	0.000104448186
21251.95	0.000106745852
21257.81	0.000106037599
21263.67	0.000104515843
21269.53	0.000106619306
21275.39	0.000105900180
21281.25	0.000106975019
21287.11	0.000109266390
21292.97	0.000109441061
21298.83	0.000107747046
21304.69	0.000104573526
21310.55	0.000102733763
21316.41	0.000103768554
21322.27	0.000112920143
21328.12	0.000114103208
21333.98	0.000107679381
21339.84	0.000107301463
21345.70	0.000105982760
21351.56	0.000106231461
21357.42	0.000105044522
21363.28	0.000106431292
21369.14	0.000107534503
21375.00	0.000105856988
21380.86	0.000104081595
21386.72	0.000103780988
21392.58	0.000102311082
21398.44	0.000105130999
21404.30	0.000104792462
21410.16	0.000099848342
21416.02	0.000103289128
21421.88	0.000106562316
21427.73	0.000102540571
21433.59	0.000105491773
21439.45	0.000105555005
21445.31	0.000105765628
21451.17	0.000106761376
21457.03	0.000107649506
21462.89	0.000103739665
21468.75	0.000106538879
21474.61	0.000108437761
21480.47	0.000107221396
21486.33	0.000110497373
21492.19	0.000106726987
21498.05	0.000107969860
21503.91	0.000102166433
21509.77	0.000103916768
21515.62	0.000104444396
21521.48	0.000102457595
21527.34	0.000104818472
21533.20	0.000106491774
21539.06	0.000103281518
21544.92	0.000108853209
21550.78	0.000108306644
21556.64	0.000106225818
21562.50	0.000105197741
21568.36	0.000105965328
21574.22	0.000114718937
21580.08	0.000109629515
21585.94	0.000107692116
21591.80	0.000107525975
21597.66	0.000102559433
21603.52	0.000101245896
21609.38	0.000106834438
21615.23	0.000108912520
21621.09	0.000107309774
21626.95	0.000113230648
21632.81	0.000110241433
21638.67	0.000105903088
21644.53	0.000106291652
21650.39	0.000105127457
21656.25	0.000105444658
21662.11	0.000106200786
21667.97	0.000103783348
21673.83	0.000105625395
21679.69	0.000108806728
21685.55	0.000108440606
21691.41	0.000107779399
21697.27	0.000102853480
21703.12	0.000104662757
21708.98	0.000106347018
21714.84	0.000104773881
21720.70	0.000102711985
21726.56	0.000103985196
21732.42	0.000102441500
21738.28	0.000102921488
21744.14	0.000101074613
21750.00	0.000101966562
21755.86	0.000100870573
21761.72	0.000102440757
21767.58	0.000108752748
21773.44	0.000113876271
21779.30	0.000108660969
21785.16	0.000103094999
21791.02	0.000103489872
21796.88	0.000102393762
21802.73	0.000103287179
21808.59	0.000107727195
21814.45	0.000108850946
21820.31	0.000105885294
21826.17	0.000102276741
21832.03	0.000100646945
21837.89	0.000107214631
21843.75	0.000111222461
21849.61	0.000102372343
21855.47	0.000101462183
21861.33	0.000105244168
21867.19	0.000107268591
21873.05	0.000108269776
21878.91	0.000107444976
21884.77	0.000109204331
21890.62	0.000107248969
21896.48	0.000104596350
21902.34	0.000101607846
21908.20	0.000104839313
21914.06	0.000106729400
21919.92	0.000100838518
21925.78	0.000102926129
21931.64	0.000106288256
21937.50	0.000104484477
21943.36	0.000107288112
21949.22	0.000108471036
21955.08	0.000103835795
21960.94	0.000106496752
21966.80	0.000101332040
21972.66	0.000104940725
21978.52	0.000106297656
21984.38	0.000103336274
21990.23	0.000106582807
21996.09	0.000103988659
22001.95	0.000103088915
22007.81	0.000107026837
22013.67	0.000106769415
22019.53	0.000106054012
22025.39	0.000106378046
22031.25	0.000105341814
22037.11	0.000104751251
22042.97	0.000102695461
22048.83	0.000103309022
22054.69	0.000109099114
22060.55	0.000109840074
22066.41	0.000106407125
22072.27	0.000104369029
22078.12	0.000106366184
22083.98	0.000105990647
22089.84	0.000102706519
22095.70	0.000107209023
22101.56	0.000106476879
22107.42	0.000107611255
22113.28	0.000104021406
22119.14	0.000098154867
22125.00	0.000100581208
22130.86	0.000103182336
22136.72	0.000106089621
22142.58	0.000105159382
22148.44	0.000103688346
22154.30	0.000106087996
22160.16	0.000104081880
22166.02	0.000104421999
22171.88	0.000102052827
22177.73	0.000104944791
22183.59	0.000107088449
22189.45	0.000102326170
22195.31	0.000100114095
22201.17	0.000104675070
22207.03	0.000108389145
22212.89	0.000102674599
22218.75	0.000107951810
22224.61	0.000106036423
22230.47	0.000101034486
22236.33	0.000104973309
22242.19	0.000103397655
22248.05	0.000102815923
22253.91	0.000109529668
22259.77	0.000112879410
22265.62	0.000107352140
22271.48	0.000103879182
22277.34	0.000106254643
22283.20	0.000103816207
22289.06	0.000101583950
22294.92	0.000106462723
22300.78	0.000107146909
22306.64	0.000104468350
22312.50	0.000103914881
22318.36	0.000106168298
22324.22	0.000106716464
22330.08	0.000109004238
22335.94	0.000106493980
22341.80	0.000108132663
22347.66	0.000108976965
22353.52	0.000106579122
22359.38	0.000105228451
22365.23	0.000103313202
22371.09	0.000107786747
22376.95	0.000108660529
22382.81	0.000108004552
22388.67	0.000104892109
22394.53	0.000100756139
22400.39	0.000099536958
22406.25	0.000097184323
22412.11	0.000099787356
22417.97	0.000105748831
22423.83	0.000106255149
22429.69	0.000104729774
22435.55	0.000104246107
22441.41	0.000104900123
22447.27	0.000101948708
22453.12	0.000102501687
22458.98	0.000106386068
22464.84	0.000110202259
22470.70	0.000108376271
22476.56	0.000107381507
22482.42	0.000105149205
22488.28	0.000103880205
22494.14	0.000106647427
22500.00	0.000108204167
22505.86	0.000111646689
22511.72	0.000107918809
22517.58	0.000111273375
22523.44	0.000111731828
22529.30	0.000107602057
22535.16	0.000103740543
22541.02	0.000103059506
22546.88	0.000100486805
22552.73	0.000108925485
22558.59	0.000110441206
22564.45	0.000105049424
22570.31	0.000107507713
22576.17	0.000105459440
22582.03	0.000103354505
22587.89	0.000108702526
22593.75	0.000107160118
22599.61	0.000103330284
22605.47	0.000105902317
22611.33	0.000104452032
22617.19	0.000103516939
22623.05	0.000105208105
22628.91	0.000106073654
22634.77	0.000105473698
22640.62	0.000107248756
22646.48	0.000105536895
22652.34	0.000104843895
22658.20	0.000109070402
22664.06	0.000106750810
22669.92	0.000105177878
22675.78	0.000100624019
22681.64	0.000105664062
22687.50	0.000109005164
22693.36	0.000106525027
22699.22	0.000104201126
22705.08	0.000103907976
22710.94	0.000095596037
22716.80	0.000097175810
22722.66	0.000104300859
22728.52	0.000102504197
22734.38	0.000100915737
22740.23	0.000104828385
22746.09	0.000102172443
22751.95	0.000104023941
22757.81	0.000110113300
22763.67	0.000105855949
22769.53	0.000104804632
22775.39	0.000104954335
22781.25	0.000106555065
22787.11	0.000106086561
22792.97	0.000103025094
22798.83	0.000102904430
22804.69	0.000103523611
22810.55	0.000105118820
22816.41	0.000104161566
22822.27	0.000106141463
22828.12	0.000103668300
22833.98	0.000103742874
22839.84	0.000106873226
22845.70	0.000108389158
22851.56	0.000110971849
22857.42	0.000109458760
22863.28	0.000104582886
22869.14	0.000106864117
22875.00	0.000108193744
22880.86	0.000108040260
22886.72	0.000109326747
22892.58	0.000105362112
22898.44	0.000104183182
22904.30	0.000108072343
22910.16	0.000106142432
22916.02	0.000106220725
22921.88	0.000099503496
22927.73	0.000099231838
22933.59	0.000107432692
22939.45	0.000108591828
22945.31	0.000105348346
22951.17	0.000102987703
22957.03	0.000103216078
22962.89	0.000103679506
22968.75	0.000103039039
22974.61	0.000105018352
22980.47	0.000107207177
22986.33	0.000109859132
22992.19	0.000108990175
22998.05	0.000104256976
23003.91	0.000108169790
23009.77	0.000109524374
23015.62	0.000104420334
23021.48	0.000106039971
23027.34	0.000109173742
23033.20	0.000111695813
23039.06	0.000104786257
23044.92	0.000103935012
23050.78	0.000105707241
23056.64	0.000108988335
23062.50	0.000107670083
23068.36	0.000108915800
23074.22	0.000110469656
23080.08	0.000107097955
23085.94	0.000110571150
23091.80	0.000112222519
23097.66	0.000108663800
23103.52	0.000105886412
23109.38	0.000102789535
23115.23	0.000106052292
23121.09	0.000105292460
23126.95	0.000105624803
23132.81	0.000106552021
23138.67	0.000106947977
23144.53	0.000103577298
23150.39	0.000104444948
23156.25	0.000106795585
23162.11	0.000109523659
23167.97	0.000109705520
23173.83	0.000109712787
23179.69	0.000111517927
23185.55	0.000113693956
23191.41	0.000111950739
23197.27	0.000110537698
23203.12	0.000105370769
23208.98	0.000106344968
23214.84	0.000103094645
23220.70	0.000108150389
23226.56	0.000108194256
23232.42	0.000107449869
23238.28	0.000109506446
23244.14	0.000108796546
23250.00	0.000111161122
23255.86	0.000110737223
23261.72	0.000106268143
23267.58	0.000104004881
23273.44	0.000106880256
23279.30	0.000109264419
23285.16	0.000107889663
23291.02	0.000106761891
23296.88	0.000105471178
23302.73	0.000102307049
23308.59	0.000102602137
23314.45	0.000102843276
23320.31	0.000105665716
23326.17	0.000105706975
23332.03	0.000103335809
23337.89	0.000103622227
23343.75	0.000107171277
23349.61	0.000110131179
23355.47	0.000108532902
23361.33	0.000106744189
23367.19	0.000105740404
23373.05	0.000103174559
23378.91	0.000103037651
23384.77	0.000108960692
23390.62	0.000106767712
23396.48	0.000110919412
23402.34	0.000107326670
23408.20	0.000099566924
23414.06	0.000097995634
23419.92	0.000103420279
23425.78	0.000109543978
23431.64	0.000102494679
23437.50	0.000098611155
23443.36	0.000099673825
23449.22	0.000102289185
23455.08	0.000102609540
23460.94	0.000100006219
23466.80	0.000102713203
23472.66	0.000109682794
23478.52	0.000109710840
23484.38	0.000104182225
23490.23	0.000105193832
23496.09	0.000108380391
23501.95	0.000105292282
23507.81	0.000103698253
23513.67	0.000106100368
23519.53	0.000106388282
23525.39	0.000107222584
23531.25	0.000101734014
23537.11	0.000102606867
23542.97	0.000106905504
23548.83	0.000104282933
23554.69	0.000097047288
23560.55	0.000100099206
23566.41	0.000105310842
23572.27	0.000107068645
23578.12	0.000108600800
23583.98	0.000102317999
23589.84	0.000103815566
23595.70	0.000106167421
23601.56	0.000107640405
23607.42	0.000108899520
23613.28	0.000109143827
23619.14	0.000104034899
23625.00	0.000105013271
23630.86	0.000107273937
23636.72	0.000108630787
23642.58	0.000108504869
23648.44	0.000107404015
23654.30	0.000108590264
23660.16	0.000106006978
23666.02	0.000106723731
23671.88	0.000107580086
23677.73	0.000106798163
23683.59	0.000106991471
23689.45	0.000108535668
23695.31	0.000108972205
23701.17	0.000113589509
23707.03	0.000112998122
23712.89	0.000107980243
23718.75	0.000107004515
23724.61	0.000107583143
23730.47	0.000109083858
23736.33	0.000106459213
23742.19	0.000104331684
23748.05	0.000105763617
23753.91	0.000102242622
23759.77	0.000105674436
23765.62	0.000107849599
23771.48	0.000105523671
23777.34	0.000102783666
23783.20	0.000106799177
23789.06	0.000107896890
23794.92	0.000107272466
23800.78	0.000104753569
23806.64	0.000104132279
23812.50	0.000102455504
23818.36	0.000103556405
23824.22	0.000104402710
23830.08	0.000104672975
23835.94	0.000107665217
23841.80	0.000109709765
23847.66	0.000109330295
23853.52	0.000102760114
23859.38	0.000101996522
23865.23	0.000104349536
23871.09	0.000107202235
23876.95	0.000107050101
23882.81	0.000106653557
23888.67	0.000101287807
23894.53	0.000110082433
23900.39	0.000109643330
23906.25	0.000104353795
23912.11	0.000105966490
23917.97	0.000108160046
23923.83	0.000103215896
23929.69	0.000109023261
23935.55	0.000109527056
23941.41	0.000105009484
23947.27	0.000108666891
23953.12	0.000108354115
23958.98	0.000110626533
23964.84	0.000107148830
23970.70	0.000108447747
23976.56	0.000110545255
23982.42	0.000107486930
23988.28	0.000111014881
23994.14	0.000111207545
24000.00	0.000000000000
