0.00	nan	nan	nan	nan	nan	nan	nan	nan
21.53	-115.59	-109.74	-103.65	-97.66	-91.65	-85.55	-79.52	-73.49
43.07	-115.53	-109.52	-103.68	-97.42	-91.58	-85.70	-79.60	-73.50
64.60	-115.81	-109.68	-103.58	-97.48	-91.63	-85.67	-79.63	-73.40
86.13	-115.75	-109.59	-103.44	-97.62	-91.50	-85.46	-79.46	-73.34
107.67	-115.64	-109.41	-103.51	-97.41	-91.38	-85.57	-79.35	-73.53
129.20	-115.52	-109.45	-103.68	-97.55	-91.33	-85.61	-79.34	-73.68
150.73	-115.62	-109.45	-103.68	-97.72	-91.33	-85.71	-79.39	-73.63
172.27	-115.73	-109.61	-103.57	-97.77	-91.66	-85.81	-79.53	-73.46
193.80	-115.58	-109.42	-103.70	-97.63	-91.65	-85.72	-79.40	-73.68
215.33	-115.81	-109.59	-103.58	-97.70	-91.54	-85.51	-79.36	-73.58
236.87	-115.66	-109.67	-103.54	-97.71	-91.62	-85.63	-79.61	-73.64
258.40	-115.60	-109.69	-103.67	-97.61	-91.76	-85.59	-79.65	-73.54
279.93	-115.61	-109.63	-103.87	-97.60	-91.63	-85.51	-79.75	-73.54
301.46	-115.64	-109.60	-103.81	-97.58	-91.58	-85.44	-79.59	-73.60
323.00	-115.67	-109.49	-103.60	-97.73	-91.56	-85.54	-79.61	-73.44
344.53	-115.68	-109.60	-103.59	-97.77	-91.57	-85.75	-79.48	-73.37
366.06	-115.58	-109.49	-103.68	-97.70	-91.56	-85.57	-79.38	-73.47
387.60	-115.59	-109.71	-103.77	-97.61	-91.59	-85.48	-79.38	-73.57
409.13	-115.65	-109.84	-103.61	-97.57	-91.59	-85.39	-79.51	-73.59
430.66	-115.64	-109.68	-103.54	-97.66	-91.28	-85.40	-79.48	-73.57
452.20	-115.71	-109.64	-103.50	-97.69	-91.22	-85.60	-79.63	-73.45
473.73	-115.63	-109.63	-103.58	-97.88	-91.40	-85.63	-79.56	-73.55
495.26	-115.62	-109.36	-103.69	-97.76	-91.48	-85.69	-79.31	-73.52
516.80	-115.78	-109.52	-103.73	-97.60	-91.62	-85.63	-79.46	-73.61
538.33	-115.70	-109.69	-103.71	-97.42	-91.67	-85.33	-79.57	-73.39
559.86	-115.80	-109.46	-103.69	-97.39	-91.59	-85.30	-79.54	-73.43
581.40	-115.78	-109.50	-103.66	-97.47	-91.61	-85.34	-79.47	-73.68
602.93	-115.74	-109.71	-103.67	-97.43	-91.65	-85.60	-79.49	-73.48
624.46	-115.54	-109.72	-103.68	-97.61	-91.49	-85.56	-79.31	-73.35
646.00	-115.63	-109.68	-103.59	-97.90	-91.45	-85.59	-79.24	-73.44
667.53	-115.54	-109.58	-103.58	-97.99	-91.46	-85.57	-79.21	-73.54
689.06	-115.69	-109.62	-103.68	-97.75	-91.40	-85.61	-79.27	-73.53
710.60	-115.90	-109.72	-103.69	-97.56	-91.50	-85.53	-79.35	-73.39
732.13	-115.90	-109.62	-103.57	-97.63	-91.68	-85.43	-79.43	-73.31
753.66	-115.74	-109.54	-103.45	-97.56	-91.65	-85.50	-79.61	-73.23
775.20	-115.84	-109.58	-103.38	-97.84	-91.67	-85.46	-79.62	-73.45
796.73	-115.78	-109.53	-103.35	-97.79	-91.56	-85.63	-79.48	-73.53
818.26	-115.63	-109.61	-103.44	-97.60	-91.38	-85.65	-79.52	-73.40
839.79	-115.76	-109.50	-103.39	-97.50	-91.56	-85.52	-79.50	-73.46
861.33	-115.90	-109.57	-103.66	-97.42	-91.72	-85.59	-79.64	-73.60
882.86	-115.61	-109.59	-103.64	-97.50	-91.60	-85.52	-79.26	-73.67
904.39	-115.49	-109.92	-103.60	-97.66	-91.50	-85.46	-79.37	-73.75
925.93	-115.76	-109.89	-103.49	-97.73	-91.48	-85.42	-79.62	-73.38
947.46	-115.79	-109.81	-103.41	-97.71	-91.69	-85.50	-79.69	-73.47
968.99	-115.45	-109.58	-103.36	-97.53	-91.68	-85.53	-79.67	-73.26
990.53	-115.51	-109.37	-103.45	-97.48	-91.72	-85.54	-79.56	-73.39
1012.06	-115.81	-109.43	-103.53	-97.72	-91.82	-85.49	-79.46	-73.56
1033.59	-115.70	-109.54	-103.52	-97.71	-91.63	-85.61	-79.49	-73.44
1055.13	-115.86	-109.65	-103.73	-97.69	-91.62	-85.67	-79.39	-73.17
1076.66	-115.86	-109.65	-103.61	-97.62	-91.62	-85.51	-79.56	-73.34
1098.19	-115.76	-109.75	-103.59	-97.62	-91.48	-85.68	-79.45	-73.38
1119.73	-115.71	-109.56	-103.65	-97.56	-91.49	-85.71	-79.46	-73.43
1141.26	-115.71	-109.51	-103.80	-97.51	-91.42	-85.63	-79.61	-73.51
1162.79	-115.75	-109.64	-103.71	-97.61	-91.53	-85.62	-79.48	-73.41
1184.33	-115.77	-109.41	-103.57	-97.69	-91.58	-85.57	-79.44	-73.47
1205.86	-115.80	-109.41	-103.51	-97.64	-91.37	-85.30	-79.67	-73.42
1227.39	-115.70	-109.57	-103.67	-97.58	-91.39	-85.48	-79.80	-73.55
1248.93	-115.76	-109.51	-103.83	-97.54	-91.54	-85.53	-79.62	-73.57
1270.46	-115.60	-109.57	-103.61	-97.57	-91.46	-85.46	-79.73	-73.54
1291.99	-115.51	-109.67	-103.54	-97.68	-91.42	-85.15	-79.61	-73.65
1313.53	-115.53	-109.49	-103.54	-97.70	-91.58	-85.16	-79.56	-73.53
1335.06	-115.63	-109.60	-103.68	-97.56	-91.58	-85.47	-79.37	-73.40
1356.59	-115.59	-109.72	-103.54	-97.51	-91.52	-85.72	-79.39	-73.50
1378.12	-115.45	-109.68	-103.62	-97.75	-91.35	-85.33	-79.51	-73.57
1399.66	-115.59	-109.55	-103.56	-97.79	-91.41	-85.17	-79.61	-73.44
1421.19	-115.67	-109.57	-103.71	-97.76	-91.38	-85.55	-79.60	-73.49
1442.72	-115.75	-109.56	-103.65	-97.56	-91.36	-85.72	-79.56	-73.58
1464.26	-115.74	-109.71	-103.60	-97.53	-91.37	-85.51	-79.44	-73.52
1485.79	-115.96	-109.90	-103.70	-97.65	-91.37	-85.63	-79.60	-73.49
1507.32	-115.62	-109.78	-103.70	-97.64	-91.44	-85.57	-79.65	-73.56
1528.86	-115.49	-109.81	-103.48	-97.68	-91.60	-85.68	-79.53	-73.50
1550.39	-115.57	-109.65	-103.34	-97.80	-91.45	-85.67	-79.54	-73.55
1571.92	-115.53	-109.60	-103.30	-97.59	-91.41	-85.63	-79.45	-73.57
1593.46	-115.52	-109.58	-103.46	-97.61	-91.55	-85.52	-79.47	-73.54
1614.99	-115.61	-109.72	-103.63	-97.65	-91.47	-85.60	-79.54	-73.64
1636.52	-115.56	-109.72	-103.66	-97.58	-91.49	-85.62	-79.54	-73.77
1658.06	-115.66	-109.58	-103.69	-97.57	-91.32	-85.63	-79.52	-73.47
1679.59	-115.60	-109.61	-103.50	-97.55	-91.28	-85.60	-79.59	-73.51
1701.12	-115.80	-109.84	-103.42	-97.52	-91.28	-85.61	-79.52	-73.41
1722.66	-115.83	-109.77	-103.68	-97.57	-91.42	-85.61	-79.48	-73.30
1744.19	-115.65	-109.58	-103.72	-97.42	-91.67	-85.57	-79.60	-73.27
1765.72	-115.71	-109.71	-103.48	-97.40	-91.55	-85.62	-79.59	-73.30
1787.26	-115.79	-109.81	-103.45	-97.49	-91.39	-85.39	-79.74	-73.47
1808.79	-115.75	-109.56	-103.45	-97.53	-91.62	-85.51	-79.74	-73.64
1830.32	-115.67	-109.60	-103.55	-97.65	-91.63	-85.55	-79.66	-73.57
1851.86	-115.58	-109.59	-103.50	-97.57	-91.78	-85.40	-79.61	-73.49
1873.39	-115.59	-109.75	-103.48	-97.51	-91.56	-85.23	-79.40	-73.62
1894.92	-115.72	-109.69	-103.37	-97.51	-91.48	-85.46	-79.56	-73.80
1916.46	-115.66	-109.41	-103.37	-97.68	-91.53	-85.56	-79.50	-73.44
1937.99	-115.52	-109.49	-103.66	-97.72	-91.54	-85.55	-79.49	-73.23
1959.52	-115.55	-109.72	-103.83	-97.66	-91.65	-85.52	-79.46	-73.37
1981.05	-115.84	-109.70	-103.58	-97.51	-91.55	-85.56	-79.47	-73.51
2002.59	-115.85	-109.69	-103.74	-97.56	-91.67	-85.60	-79.36	-73.62
2024.12	-115.55	-109.76	-103.63	-97.56	-91.66	-85.55	-79.38	-73.55
2045.65	-115.49	-109.94	-103.69	-97.52	-91.68	-85.58	-79.70	-73.51
2067.19	-115.62	-109.78	-103.53	-97.64	-91.47	-85.74	-79.63	-73.37
2088.72	-115.79	-109.69	-103.54	-97.59	-91.43	-85.42	-79.56	-73.34
2110.25	-115.63	-109.60	-103.64	-97.42	-91.38	-85.67	-79.57	-73.49
2131.79	-115.57	-109.66	-103.55	-97.61	-91.38	-85.66	-79.74	-73.45
2153.32	-115.49	-109.70	-103.58	-97.73	-91.55	-85.63	-79.70	-73.60
2174.85	-115.52	-109.86	-103.51	-97.52	-91.40	-85.64	-79.46	-73.55
2196.39	-115.76	-109.71	-103.61	-97.51	-91.50	-85.67	-79.59	-73.59
2217.92	-115.74	-109.65	-103.54	-97.52	-91.56	-85.49	-79.47	-73.62
2239.45	-115.74	-109.70	-103.55	-97.66	-91.58	-85.37	-79.48	-73.57
2260.99	-115.79	-109.87	-103.45	-97.69	-91.76	-85.59	-79.66	-73.44
2282.52	-115.80	-109.82	-103.47	-97.54	-91.67	-85.70	-79.60	-73.53
2304.05	-115.83	-109.76	-103.61	-97.51	-91.45	-85.51	-79.45	-73.51
2325.59	-115.60	-109.60	-103.50	-97.57	-91.26	-85.44	-79.38	-73.48
2347.12	-115.49	-109.55	-103.35	-97.61	-91.49	-85.70	-79.57	-73.36
2368.65	-115.72	-109.86	-103.41	-97.55	-91.61	-85.56	-79.33	-73.46
2390.19	-115.85	-109.83	-103.40	-97.52	-91.47	-85.43	-79.20	-73.40
2411.72	-115.71	-109.61	-103.44	-97.57	-91.49	-85.50	-79.42	-73.21
2433.25	-115.60	-109.50	-103.69	-97.66	-91.39	-85.48	-79.54	-73.26
2454.79	-115.65	-109.52	-103.66	-97.83	-91.73	-85.69	-79.40	-73.64
2476.32	-115.61	-109.53	-103.50	-97.72	-91.76	-85.57	-79.38	-73.75
2497.85	-115.58	-109.72	-103.41	-97.53	-91.52	-85.50	-79.51	-73.78
2519.38	-115.53	-109.75	-103.36	-97.50	-91.64	-85.47	-79.50	-73.70
2540.92	-115.58	-109.63	-103.50	-97.47	-91.52	-85.57	-79.58	-73.58
2562.45	-115.53	-109.75	-103.70	-97.54	-91.54	-85.70	-79.71	-73.38
2583.98	-115.45	-109.80	-103.73	-97.57	-91.83	-85.48	-79.61	-73.50
2605.52	-115.61	-109.55	-103.67	-97.66	-91.70	-85.49	-79.59	-73.56
2627.05	-115.62	-109.50	-103.60	-97.64	-91.50	-85.48	-79.80	-73.60
2648.58	-115.61	-109.60	-103.53	-97.40	-91.66	-85.42	-79.71	-73.50
2670.12	-115.81	-109.60	-103.68	-97.42	-91.72	-85.70	-79.54	-73.51
2691.65	-115.89	-109.88	-103.54	-97.30	-91.65	-85.66	-79.67	-73.45
2713.18	-115.79	-109.83	-103.54	-97.51	-91.51	-85.61	-79.59	-73.46
2734.72	-115.66	-109.71	-103.51	-97.78	-91.61	-85.51	-79.50	-73.63
2756.25	-115.50	-109.53	-103.53	-97.66	-91.68	-85.58	-79.56	-73.89
2777.78	-115.44	-109.62	-103.41	-97.51	-91.59	-85.56	-79.52	-73.82
2799.32	-115.86	-109.74	-103.71	-97.43	-91.57	-85.47	-79.45	-73.64
2820.85	-115.65	-109.69	-103.78	-97.57	-91.33	-85.57	-79.60	-73.30
2842.38	-115.66	-109.76	-103.70	-97.86	-91.39	-85.40	-79.50	-73.31
2863.92	-115.78	-109.55	-103.54	-97.62	-91.40	-85.49	-79.33	-73.47
2885.45	-115.63	-109.44	-103.53	-97.25	-91.39	-85.41	-79.41	-73.56
2906.98	-115.65	-109.41	-103.60	-97.45	-91.43	-85.37	-79.65	-73.51
2928.52	-115.75	-109.53	-103.54	-97.46	-91.72	-85.66	-79.55	-73.31
2950.05	-115.45	-109.54	-103.61	-97.75	-91.67	-85.83	-79.49	-73.28
2971.58	-115.44	-109.72	-103.56	-97.63	-91.58	-85.66	-79.47	-73.21
2993.12	-115.78	-109.61	-103.54	-97.49	-91.52	-85.53	-79.43	-73.17
3014.65	-115.79	-109.52	-103.50	-97.28	-91.46	-85.56	-79.70	-73.42
3036.18	-115.66	-109.57	-103.37	-97.60	-91.44	-85.49	-79.50	-73.47
3057.71	-115.86	-109.47	-103.54	-97.69	-91.53	-85.45	-79.47	-73.58
3079.25	-115.85	-109.58	-103.61	-97.47	-91.43	-85.49	-79.43	-73.57
3100.78	-115.74	-109.77	-103.54	-97.52	-91.43	-85.46	-79.24	-73.43
3122.31	-115.68	-109.70	-103.65	-97.48	-91.40	-85.43	-79.45	-73.56
3143.85	-115.65	-109.59	-103.58	-97.59	-91.66	-85.40	-79.78	-73.44
3165.38	-115.69	-109.59	-103.55	-97.76	-92.01	-85.36	-79.57	-73.33
3186.91	-115.70	-109.60	-103.71	-97.74	-91.86	-85.40	-79.61	-73.60
3208.45	-115.51	-109.62	-103.71	-97.54	-91.66	-85.52	-79.42	-73.68
3229.98	-115.59	-109.47	-103.46	-97.56	-91.55	-85.42	-79.55	-73.74
3251.51	-115.59	-109.64	-103.37	-97.46	-91.47	-85.45	-79.50	-73.72
3273.05	-115.58	-109.69	-103.40	-97.68	-91.40	-85.46	-79.37	-73.68
3294.58	-115.60	-109.51	-103.32	-97.59	-91.58	-85.54	-79.55	-73.53
3316.11	-115.48	-109.73	-103.35	-97.56	-91.64	-85.47	-79.32	-73.66
3337.65	-115.44	-109.73	-103.51	-97.42	-91.54	-85.69	-79.38	-73.70
3359.18	-115.71	-109.61	-103.72	-97.45	-91.56	-85.72	-79.32	-73.67
3380.71	-115.83	-109.58	-103.73	-97.43	-91.64	-85.76	-79.23	-73.64
3402.25	-115.54	-109.60	-103.57	-97.54	-91.42	-85.72	-79.41	-73.67
3423.78	-115.43	-109.77	-103.50	-97.68	-91.54	-85.69	-79.42	-73.44
3445.31	-115.48	-109.59	-103.69	-97.61	-91.57	-85.46	-79.49	-73.43
3466.85	-115.64	-109.75	-103.74	-97.42	-91.58	-85.35	-79.58	-73.28
3488.38	-115.68	-109.78	-103.83	-97.36	-91.60	-85.45	-79.54	-73.48
3509.91	-115.45	-109.43	-103.76	-97.59	-91.77	-85.41	-79.61	-73.63
3531.45	-115.63	-109.44	-103.57	-97.59	-91.73	-85.42	-79.55	-73.49
3552.98	-115.72	-109.64	-103.47	-97.59	-91.61	-85.47	-79.33	-73.63
3574.51	-115.72	-109.68	-103.60	-97.57	-91.70	-85.71	-79.45	-73.62
3596.04	-115.71	-109.71	-103.60	-97.58	-91.45	-85.66	-79.57	-73.71
3617.58	-115.75	-109.72	-103.56	-97.49	-91.53	-85.64	-79.51	-73.69
3639.11	-115.59	-109.72	-103.58	-97.47	-91.71	-85.48	-79.55	-73.56
3660.64	-115.60	-109.59	-103.60	-97.52	-91.52	-85.28	-79.61	-73.35
3682.18	-115.56	-109.52	-103.84	-97.43	-91.26	-85.53	-79.33	-73.33
3703.71	-115.53	-109.65	-103.64	-97.36	-91.53	-85.47	-79.53	-73.38
3725.24	-115.63	-109.63	-103.54	-97.65	-91.51	-85.48	-79.57	-73.77
3746.78	-115.41	-109.56	-103.43	-97.62	-91.60	-85.52	-79.65	-73.60
3768.31	-115.43	-109.70	-103.57	-97.45	-91.60	-85.65	-79.60	-73.39
3789.84	-115.55	-109.79	-103.50	-97.62	-91.48	-85.55	-79.58	-73.21
3811.38	-115.52	-109.54	-103.73	-97.59	-91.50	-85.38	-79.70	-73.27
3832.91	-115.52	-109.55	-103.76	-97.35	-91.42	-85.47	-79.58	-73.42
3854.44	-115.47	-109.60	-103.71	-97.54	-91.32	-85.50	-79.49	-73.33
3875.98	-115.62	-109.65	-103.67	-97.38	-91.59	-85.61	-79.55	-73.57
3897.51	-115.85	-109.74	-103.63	-97.44	-91.77	-85.93	-79.66	-73.62
3919.04	-115.85	-109.57	-103.56	-97.67	-91.59	-85.67	-79.62	-73.44
3940.58	-115.71	-109.47	-103.69	-97.67	-91.56	-85.47	-79.67	-73.47
3962.11	-115.54	-109.68	-103.62	-97.67	-91.74	-85.51	-79.56	-73.51
3983.64	-115.42	-109.78	-103.50	-97.65	-91.63	-85.52	-79.55	-73.47
4005.18	-115.37	-109.47	-103.63	-97.71	-91.67	-85.49	-79.63	-73.34
4026.71	-115.45	-109.34	-103.74	-97.70	-91.59	-85.49	-79.59	-73.37
4048.24	-115.56	-109.52	-103.52	-97.71	-91.64	-85.39	-79.67	-73.60
4069.78	-115.55	-109.77	-103.50	-97.72	-91.78	-85.45	-79.57	-73.50
4091.31	-115.48	-109.75	-103.53	-97.58	-91.59	-85.62	-79.39	-73.57
4112.84	-115.44	-109.72	-103.56	-97.54	-91.34	-85.58	-79.42	-73.66
4134.38	-115.79	-109.57	-103.48	-97.68	-91.41	-85.50	-79.44	-73.73
4155.91	-115.89	-109.38	-103.56	-97.63	-91.52	-85.61	-79.50	-73.47
4177.44	-115.64	-109.43	-103.70	-97.45	-91.43	-85.44	-79.45	-73.39
4198.97	-115.76	-109.45	-103.64	-97.67	-91.56	-85.54	-79.51	-73.34
4220.51	-115.68	-109.34	-103.70	-97.78	-91.78	-85.64	-79.55	-73.25
4242.04	-115.70	-109.58	-103.73	-97.58	-91.61	-85.59	-79.44	-73.36
4263.57	-115.49	-109.64	-103.65	-97.64	-91.52	-85.57	-79.43	-73.41
4285.11	-115.61	-109.43	-103.68	-97.53	-91.73	-85.83	-79.49	-73.47
4306.64	-115.66	-109.48	-103.48	-97.52	-91.53	-85.81	-79.57	-73.37
4328.17	-115.73	-109.76	-103.63	-97.74	-91.57	-85.73	-79.55	-73.40
4349.71	-115.62	-109.69	-103.96	-97.56	-91.63	-85.54	-79.60	-73.51
4371.24	-115.59	-109.61	-103.85	-97.50	-91.58	-85.68	-79.46	-73.64
4392.77	-115.71	-109.48	-103.47	-97.47	-91.48	-85.82	-79.65	-73.31
4414.31	-115.62	-109.47	-103.67	-97.71	-91.63	-85.73	-79.77	-73.44
4435.84	-115.53	-109.38	-103.80	-97.62	-91.53	-85.72	-79.75	-73.62
4457.37	-115.60	-109.59	-103.59	-97.55	-91.52	-85.61	-79.72	-73.67
4478.91	-115.56	-109.83	-103.49	-97.37	-91.51	-85.48	-79.48	-73.74
4500.44	-115.52	-109.61	-103.62	-97.48	-91.61	-85.55	-79.42	-73.54
4521.97	-115.40	-109.62	-103.72	-97.57	-91.46	-85.66	-79.52	-73.56
4543.51	-115.47	-109.64	-103.74	-97.74	-91.49	-85.58	-79.41	-73.54
4565.04	-115.66	-109.57	-103.65	-97.49	-91.53	-85.48	-79.52	-73.36
4586.57	-115.80	-109.63	-103.67	-97.38	-91.45	-85.37	-79.77	-73.31
4608.11	-115.74	-109.61	-103.68	-97.56	-91.47	-85.42	-79.64	-73.50
4629.64	-115.74	-109.68	-103.63	-97.59	-91.63	-85.60	-79.43	-73.49
4651.17	-115.68	-109.81	-103.68	-97.67	-91.42	-85.74	-79.46	-73.53
4672.71	-115.51	-109.83	-103.62	-97.61	-91.57	-85.59	-79.50	-73.70
4694.24	-115.58	-109.85	-103.73	-97.38	-91.60	-85.51	-79.45	-73.54
4715.77	-115.57	-109.56	-103.70	-97.38	-91.62	-85.45	-79.58	-73.63
4737.30	-115.53	-109.45	-103.59	-97.53	-91.67	-85.41	-79.71	-73.61
4758.84	-115.63	-109.49	-103.38	-97.60	-91.57	-85.48	-79.55	-73.50
4780.37	-115.70	-109.66	-103.41	-97.68	-91.70	-85.54	-79.29	-73.61
4801.90	-115.94	-109.70	-103.40	-97.62	-91.62	-85.36	-79.34	-73.51
4823.44	-115.75	-109.35	-103.39	-97.47	-91.57	-85.47	-79.42	-73.50
4844.97	-115.68	-109.51	-103.47	-97.55	-91.57	-85.57	-79.51	-73.53
4866.50	-115.69	-109.48	-103.57	-97.84	-91.52	-85.59	-79.72	-73.36
4888.04	-115.53	-109.53	-103.47	-97.60	-91.56	-85.41	-79.61	-73.51
4909.57	-115.52	-109.67	-103.51	-97.51	-91.52	-85.47	-79.48	-73.71
4931.10	-115.63	-109.92	-103.51	-97.51	-91.34	-85.60	-79.53	-73.76
4952.64	-115.74	-109.85	-103.62	-97.46	-91.48	-85.68	-79.49	-73.56
4974.17	-115.77	-109.70	-103.58	-97.61	-91.48	-85.66	-79.44	-73.45
4995.70	-115.71	-109.66	-103.56	-97.46	-91.39	-85.58	-79.31	-73.52
5017.24	-115.75	-109.47	-103.66	-97.52	-91.40	-85.46	-79.45	-73.50
5038.77	-115.64	-109.57	-103.64	-97.39	-91.59	-85.47	-79.48	-73.50
5060.30	-115.42	-109.63	-103.42	-97.42	-91.69	-85.58	-79.43	-73.50
5081.84	-115.36	-109.55	-103.37	-97.53	-91.60	-85.60	-79.62	-73.37
5103.37	-115.40	-109.78	-103.58	-97.51	-91.47	-85.64	-79.51	-73.54
5124.90	-115.42	-109.78	-103.54	-97.43	-91.51	-85.68	-79.28	-73.60
5146.44	-115.71	-109.62	-103.59	-97.56	-91.56	-85.44	-79.40	-73.56
5167.97	-115.67	-109.39	-103.65	-97.48	-91.57	-85.56	-79.66	-73.59
5189.50	-115.50	-109.50	-103.83	-97.59	-91.42	-85.61	-79.68	-73.52
5211.04	-115.58	-109.57	-103.75	-97.71	-91.49	-85.58	-79.67	-73.52
5232.57	-115.82	-109.43	-103.66	-97.71	-91.60	-85.55	-79.56	-73.38
5254.10	-115.81	-109.66	-103.85	-97.77	-91.65	-85.57	-79.65	-73.27
5275.63	-115.84	-109.61	-103.77	-97.49	-91.71	-85.51	-79.73	-73.52
5297.17	-115.87	-109.59	-103.74	-97.54	-91.37	-85.45	-79.46	-73.45
5318.70	-115.73	-109.64	-103.57	-97.56	-91.34	-85.36	-79.46	-73.30
5340.23	-115.60	-109.54	-103.63	-97.78	-91.40	-85.52	-79.47	-73.41
5361.77	-115.65	-109.39	-103.39	-97.73	-91.48	-85.56	-79.72	-73.57
5383.30	-115.68	-109.42	-103.66	-97.41	-91.53	-85.46	-79.81	-73.68
5404.83	-115.63	-109.59	-103.62	-97.73	-91.63	-85.48	-79.78	-73.48
5426.37	-115.63	-109.62	-103.33	-97.66	-91.60	-85.64	-79.51	-73.39
5447.90	-115.91	-109.29	-103.46	-97.55	-91.52	-85.80	-79.51	-73.30
5469.43	-115.85	-109.55	-103.71	-97.56	-91.62	-85.66	-79.57	-73.08
5490.97	-115.72	-109.80	-103.72	-97.55	-91.53	-85.73	-79.59	-73.40
5512.50	-115.77	-109.54	-103.51	-97.54	-91.23	-85.64	-79.56	-73.58
5534.03	-115.87	-109.63	-103.41	-97.68	-91.31	-85.45	-79.55	-73.43
5555.57	-115.69	-109.66	-103.38	-97.71	-91.34	-85.59	-79.55	-73.47
5577.10	-115.62	-109.72	-103.62	-97.50	-91.50	-85.59	-79.56	-73.55
5598.63	-115.74	-109.54	-103.79	-97.38	-91.66	-85.66	-79.49	-73.62
5620.17	-115.76	-109.51	-103.56	-97.55	-91.64	-85.83	-79.59	-73.61
5641.70	-115.68	-109.69	-103.51	-97.46	-91.60	-85.77	-79.64	-73.49
5663.23	-115.66	-109.68	-103.68	-97.24	-91.50	-85.83	-79.52	-73.43
5684.77	-115.61	-109.68	-103.68	-97.30	-91.49	-85.73	-79.38	-73.51
5706.30	-115.63	-109.74	-103.68	-97.42	-91.45	-85.49	-79.25	-73.73
5727.83	-115.70	-109.51	-103.72	-97.56	-91.52	-85.45	-79.52	-73.55
5749.37	-115.54	-109.43	-103.83	-97.79	-91.46	-85.38	-79.70	-73.53
5770.90	-115.48	-109.71	-103.84	-97.74	-91.62	-85.39	-79.54	-73.45
5792.43	-115.71	-109.75	-103.83	-97.56	-91.80	-85.58	-79.47	-73.51
5813.96	-115.72	-109.69	-103.75	-97.53	-91.51	-85.53	-79.59	-73.54
5835.50	-115.58	-109.79	-103.52	-97.58	-91.41	-85.52	-79.54	-73.55
5857.03	-115.62	-109.79	-103.48	-97.68	-91.56	-85.60	-79.45	-73.54
5878.56	-115.68	-109.56	-103.46	-97.80	-91.50	-85.63	-79.55	-73.57
5900.10	-115.71	-109.60	-103.50	-97.67	-91.59	-85.69	-79.43	-73.29
5921.63	-115.73	-109.63	-103.72	-97.60	-91.50	-85.60	-79.42	-73.40
5943.16	-115.49	-109.46	-103.74	-97.61	-91.46	-85.45	-79.33	-73.54
5964.70	-115.54	-109.53	-103.70	-97.57	-91.48	-85.29	-79.34	-73.55
5986.23	-115.66	-109.50	-103.59	-97.40	-91.58	-85.67	-79.55	-73.57
6007.76	-115.75	-109.62	-103.67	-97.54	-91.77	-85.62	-79.52	-73.39
6029.30	-115.85	-109.66	-103.51	-97.39	-91.69	-85.50	-79.40	-73.21
6050.83	-115.53	-109.71	-103.45	-97.47	-91.48	-85.60	-79.42	-73.25
6072.36	-115.58	-109.80	-103.65	-97.58	-91.59	-85.50	-79.49	-73.43
6093.90	-115.80	-109.68	-103.72	-97.60	-91.64	-85.43	-79.42	-73.39
6115.43	-115.56	-109.64	-103.59	-97.64	-91.43	-85.60	-79.47	-73.57
6136.96	-115.53	-109.64	-103.69	-97.83	-91.19	-85.55	-79.46	-73.48
6158.50	-115.48	-109.60	-103.68	-97.68	-91.26	-85.60	-79.34	-73.29
6180.03	-115.60	-109.40	-103.52	-97.46	-91.43	-85.56	-79.36	-73.38
6201.56	-115.57	-109.48	-103.62	-97.54	-91.49	-85.57	-79.50	-73.42
6223.10	-115.68	-109.61	-103.55	-97.79	-91.61	-85.44	-79.34	-73.33
6244.63	-115.65	-109.52	-103.73	-97.69	-91.47	-85.37	-79.51	-73.40
6266.16	-115.67	-109.61	-103.71	-97.62	-91.45	-85.57	-79.41	-73.54
6287.70	-115.80	-109.43	-103.56	-97.50	-91.54	-85.61	-79.45	-73.60
6309.23	-115.81	-109.61	-103.70	-97.46	-91.65	-85.67	-79.54	-73.48
6330.76	-115.69	-109.59	-103.59	-97.61	-91.55	-85.66	-79.42	-73.44
6352.29	-115.86	-109.60	-103.58	-97.63	-91.58	-85.71	-79.43	-73.41
6373.83	-115.63	-109.60	-103.60	-97.61	-91.47	-85.62	-79.70	-73.47
6395.36	-115.49	-109.58	-103.62	-97.57	-91.71	-85.41	-79.63	-73.53
6416.89	-115.44	-109.66	-103.56	-97.69	-91.73	-85.42	-79.57	-73.61
6438.43	-115.52	-109.51	-103.58	-97.66	-91.69	-85.63	-79.58	-73.65
6459.96	-115.62	-109.43	-103.62	-97.62	-91.57	-85.55	-79.45	-73.61
6481.49	-115.79	-109.56	-103.63	-97.64	-91.56	-85.51	-79.49	-73.59
6503.03	-115.71	-109.52	-103.55	-97.66	-91.60	-85.53	-79.57	-73.51
6524.56	-115.63	-109.39	-103.65	-97.63	-91.55	-85.59	-79.82	-73.34
6546.09	-115.51	-109.51	-103.89	-97.56	-91.54	-85.39	-79.68	-73.58
6567.63	-115.48	-109.68	-103.73	-97.48	-91.54	-85.51	-79.48	-73.56
6589.16	-115.57	-109.68	-103.54	-97.48	-91.42	-85.45	-79.46	-73.63
6610.69	-115.45	-109.84	-103.49	-97.69	-91.35	-85.43	-79.43	-73.56
6632.23	-115.39	-109.69	-103.49	-97.70	-91.54	-85.53	-79.26	-73.36
6653.76	-115.80	-109.63	-103.63	-97.60	-91.50	-85.54	-79.33	-73.63
6675.29	-115.81	-109.62	-103.53	-97.49	-91.46	-85.62	-79.66	-73.75
6696.83	-115.61	-109.61	-103.52	-97.75	-91.70	-85.82	-79.67	-73.37
6718.36	-115.54	-109.62	-103.56	-97.42	-91.52	-85.62	-79.54	-73.49
6739.89	-115.35	-109.80	-103.66	-97.37	-91.54	-85.55	-79.64	-73.40
6761.43	-115.44	-109.64	-103.54	-97.52	-91.76	-85.66	-79.54	-73.44
6782.96	-115.60	-109.66	-103.43	-97.60	-91.88	-85.59	-79.45	-73.35
6804.49	-115.61	-109.54	-103.51	-97.68	-91.65	-85.65	-79.48	-73.29
6826.03	-115.68	-109.74	-103.45	-97.51	-91.54	-85.60	-79.72	-73.51
6847.56	-115.71	-109.56	-103.43	-97.51	-91.53	-85.57	-79.75	-73.26
6869.09	-115.77	-109.60	-103.43	-97.71	-91.32	-85.64	-79.51	-73.19
6890.62	-115.82	-109.71	-103.33	-97.70	-91.44	-85.62	-79.45	-73.52
6912.16	-115.66	-109.78	-103.50	-97.65	-91.61	-85.75	-79.60	-73.62
6933.69	-115.57	-109.65	-103.52	-97.48	-91.60	-85.53	-79.77	-73.40
6955.22	-115.58	-109.45	-103.61	-97.43	-91.48	-85.29	-79.51	-73.42
6976.76	-115.45	-109.48	-103.54	-97.46	-91.39	-85.25	-79.41	-73.59
6998.29	-115.50	-109.55	-103.54	-97.48	-91.49	-85.53	-79.58	-73.63
7019.82	-115.55	-109.58	-103.66	-97.33	-91.79	-85.46	-79.49	-73.53
7041.36	-115.48	-109.61	-103.57	-97.60	-91.69	-85.49	-79.43	-73.64
7062.89	-115.56	-109.79	-103.36	-97.68	-91.46	-85.65	-79.37	-73.47
7084.42	-115.65	-109.78	-103.50	-97.65	-91.43	-85.58	-79.61	-73.32
7105.96	-115.72	-109.73	-103.49	-97.48	-91.50	-85.73	-79.59	-73.49
7127.49	-115.60	-109.88	-103.34	-97.55	-91.56	-85.45	-79.35	-73.66
7149.02	-115.54	-109.98	-103.64	-97.67	-91.41	-85.43	-79.50	-73.57
7170.56	-115.67	-109.91	-103.49	-97.74	-91.71	-85.56	-79.75	-73.65
7192.09	-115.51	-109.75	-103.69	-97.53	-91.68	-85.44	-79.77	-73.52
7213.62	-115.54	-109.61	-103.83	-97.58	-91.53	-85.45	-79.52	-73.61
7235.16	-115.64	-109.45	-103.84	-97.80	-91.49	-85.43	-79.55	-73.51
7256.69	-115.56	-109.34	-103.47	-97.69	-91.35	-85.53	-79.57	-73.33
7278.22	-115.74	-109.58	-103.45	-97.40	-91.43	-85.51	-79.57	-73.13
7299.76	-115.69	-109.70	-103.54	-97.41	-91.57	-85.52	-79.49	-73.31
7321.29	-115.48	-109.63	-103.55	-97.53	-91.46	-85.39	-79.59	-73.43
7342.82	-115.48	-109.55	-103.50	-97.40	-91.41	-85.50	-79.66	-73.33
7364.36	-115.61	-109.59	-103.61	-97.61	-91.39	-85.38	-79.61	-73.52
7385.89	-115.47	-109.49	-103.44	-97.57	-91.65	-85.10	-79.44	-73.50
7407.42	-115.53	-109.56	-103.30	-97.40	-91.72	-85.20	-79.29	-73.44
7428.96	-115.74	-109.63	-103.33	-97.65	-91.91	-85.47	-79.34	-73.67
7450.49	-115.60	-109.69	-103.30	-97.67	-91.58	-85.70	-79.48	-73.59
7472.02	-115.52	-109.79	-103.34	-97.58	-91.27	-85.67	-79.37	-73.54
7493.55	-115.62	-109.67	-103.48	-97.43	-91.45	-85.70	-79.44	-73.45
7515.09	-115.58	-109.50	-103.69	-97.48	-91.39	-85.68	-79.46	-73.52
7536.62	-115.62	-109.51	-103.66	-97.68	-91.24	-85.56	-79.55	-73.46
7558.15	-115.60	-109.69	-103.63	-97.51	-91.51	-85.57	-79.53	-73.31
7579.69	-115.61	-109.53	-103.56	-97.55	-91.63	-85.76	-79.69	-73.29
7601.22	-115.52	-109.59	-103.50	-97.81	-91.65	-85.88	-79.46	-73.46
7622.75	-115.67	-109.82	-103.34	-97.77	-91.46	-85.62	-79.39	-73.21
7644.29	-115.87	-109.63	-103.49	-97.66	-91.63	-85.52	-79.61	-73.42
7665.82	-115.74	-109.48	-103.64	-97.55	-91.97	-85.56	-79.46	-73.75
7687.35	-115.71	-109.66	-103.72	-97.52	-91.89	-85.40	-79.49	-73.67
7708.89	-115.66	-109.73	-103.67	-97.62	-91.57	-85.36	-79.24	-73.52
7730.42	-115.63	-109.60	-103.68	-97.47	-91.51	-85.57	-79.43	-73.51
7751.95	-115.69	-109.71	-103.55	-97.39	-91.50	-85.75	-79.64	-73.54
7773.49	-115.61	-109.68	-103.55	-97.52	-91.27	-85.65	-79.65	-73.51
7795.02	-115.51	-109.73	-103.62	-97.63	-91.52	-85.41	-79.59	-73.58
7816.55	-115.42	-109.90	-103.64	-97.53	-91.72	-85.27	-79.63	-73.65
7838.09	-115.56	-109.82	-103.60	-97.56	-91.65	-85.25	-79.71	-73.49
7859.62	-115.59	-109.72	-103.71	-97.69	-91.64	-85.42	-79.48	-73.47
7881.15	-115.56	-109.65	-103.66	-97.57	-91.59	-85.45	-79.33	-73.44
7902.69	-115.84	-109.54	-103.64	-97.57	-91.67	-85.52	-79.48	-73.54
7924.22	-115.77	-109.50	-103.47	-97.58	-91.52	-85.64	-79.48	-73.55
7945.75	-115.68	-109.53	-103.39	-97.49	-91.53	-85.65	-79.35	-73.27
7967.29	-115.65	-109.54	-103.44	-97.56	-91.49	-85.52	-79.41	-73.35
7988.82	-115.53	-109.33	-103.41	-97.62	-91.54	-85.58	-79.59	-73.71
8010.35	-115.76	-109.45	-103.43	-97.53	-91.36	-85.52	-79.62	-73.72
8031.88	-115.83	-109.59	-103.53	-97.55	-91.63	-85.62	-79.59	-73.48
8053.42	-115.51	-109.73	-103.54	-97.76	-91.72	-85.53	-79.49	-73.52
8074.95	-115.46	-109.79	-103.42	-97.78	-91.49	-85.50	-79.53	-73.54
8096.48	-115.47	-109.68	-103.44	-97.58	-91.34	-85.66	-79.59	-73.55
8118.02	-115.63	-109.77	-103.56	-97.48	-91.47	-85.57	-79.37	-73.50
8139.55	-115.61	-109.77	-103.57	-97.47	-91.54	-85.56	-79.16	-73.35
8161.08	-115.54	-109.58	-103.52	-97.69	-91.67	-85.52	-79.39	-73.39
8182.62	-115.62	-109.62	-103.63	-97.60	-91.70	-85.49	-79.57	-73.38
8204.15	-115.61	-109.51	-103.67	-97.35	-91.74	-85.25	-79.55	-73.56
8225.68	-115.75	-109.60	-103.63	-97.54	-91.78	-85.46	-79.36	-73.75
8247.22	-115.72	-109.72	-103.46	-97.43	-91.77	-85.70	-79.37	-73.77
8268.75	-115.57	-109.55	-103.65	-97.69	-91.56	-85.62	-79.50	-73.73
8290.28	-115.60	-109.72	-103.69	-97.49	-91.54	-85.52	-79.40	-73.51
8311.82	-115.60	-109.73	-103.51	-97.38	-91.51	-85.59	-79.33	-73.50
8333.35	-115.62	-109.36	-103.52	-97.46	-91.54	-85.54	-79.46	-73.38
8354.88	-115.75	-109.29	-103.47	-97.55	-91.58	-85.43	-79.60	-73.37
8376.42	-115.74	-109.53	-103.43	-97.60	-91.51	-85.36	-79.59	-73.51
8397.95	-115.74	-109.63	-103.54	-97.51	-91.44	-85.42	-79.62	-73.22
8419.48	-115.67	-109.73	-103.60	-97.51	-91.51	-85.45	-79.65	-73.52
8441.02	-115.56	-109.91	-103.56	-97.53	-91.61	-85.55	-79.46	-73.58
8462.55	-115.60	-109.69	-103.48	-97.57	-91.48	-85.43	-79.46	-73.43
8484.08	-115.45	-109.70	-103.65	-97.40	-91.45	-85.63	-79.57	-73.47
8505.62	-115.45	-109.85	-103.47	-97.20	-91.52	-85.65	-79.61	-73.43
8527.15	-115.61	-109.70	-103.36	-97.31	-91.42	-85.56	-79.37	-73.52
8548.68	-115.65	-109.36	-103.49	-97.55	-91.55	-85.44	-79.43	-73.46
8570.21	-115.62	-109.31	-103.34	-97.62	-91.64	-85.35	-79.43	-73.34
8591.75	-115.55	-109.41	-103.59	-97.57	-91.82	-85.43	-79.34	-73.39
8613.28	-115.78	-109.61	-103.77	-97.63	-91.64	-85.49	-79.34	-73.48
8634.81	-115.94	-109.50	-103.64	-97.63	-91.41	-85.48	-79.56	-73.52
8656.35	-115.64	-109.54	-103.64	-97.39	-91.57	-85.48	-79.55	-73.55
8677.88	-115.86	-109.69	-103.60	-97.61	-91.73	-85.37	-79.49	-73.65
8699.41	-115.78	-109.51	-103.57	-97.74	-91.62	-85.49	-79.41	-73.43
8720.95	-115.78	-109.55	-103.68	-97.60	-91.56	-85.53	-79.68	-73.52
8742.48	-115.63	-109.71	-103.71	-97.69	-91.57	-85.67	-79.47	-73.70
8764.01	-115.54	-109.50	-103.61	-97.50	-91.51	-85.67	-79.23	-73.71
8785.55	-115.55	-109.58	-103.50	-97.46	-91.60	-85.37	-79.40	-73.62
8807.08	-115.66	-109.60	-103.51	-97.68	-91.47	-85.38	-79.45	-73.64
8828.61	-115.84	-109.74	-103.63	-97.54	-91.50	-85.54	-79.53	-73.63
8850.15	-115.70	-109.71	-103.68	-97.56	-91.51	-85.40	-79.58	-73.41
8871.68	-115.63	-109.56	-103.63	-97.45	-91.31	-85.31	-79.51	-73.40
8893.21	-115.53	-109.61	-103.70	-97.34	-91.39	-85.50	-79.51	-73.53
8914.75	-115.46	-109.62	-103.58	-97.29	-91.44	-85.54	-79.42	-73.55
8936.28	-115.46	-109.72	-103.56	-97.48	-91.58	-85.39	-79.40	-73.46
8957.81	-115.48	-109.54	-103.62	-97.61	-91.47	-85.28	-79.67	-73.55
8979.35	-115.63	-109.46	-103.65	-97.48	-91.43	-85.42	-79.66	-73.47
9000.88	-115.69	-109.51	-103.61	-97.42	-91.43	-85.46	-79.53	-73.70
9022.41	-115.62	-109.48	-103.60	-97.41	-91.39	-85.44	-79.54	-73.67
9043.95	-115.69	-109.52	-103.58	-97.66	-91.44	-85.61	-79.60	-73.30
9065.48	-115.94	-109.79	-103.62	-97.84	-91.59	-85.43	-79.54	-73.40
9087.01	-115.82	-109.66	-103.60	-97.84	-91.52	-85.35	-79.49	-73.58
9108.54	-115.73	-109.82	-103.47	-97.77	-91.63	-85.55	-79.52	-73.42
9130.08	-115.71	-109.77	-103.40	-97.70	-91.56	-85.60	-79.66	-73.47
9151.61	-115.55	-109.56	-103.52	-97.66	-91.64	-85.45	-79.64	-73.45
9173.14	-115.72	-109.51	-103.66	-97.60	-91.52	-85.56	-79.77	-73.57
9194.68	-115.59	-109.63	-103.50	-97.52	-91.41	-85.70	-79.59	-73.38
9216.21	-115.59	-109.82	-103.47	-97.61	-91.75	-85.52	-79.39	-73.43
9237.74	-115.51	-109.80	-103.61	-97.75	-91.75	-85.47	-79.54	-73.50
9259.28	-115.32	-109.60	-103.61	-97.80	-91.42	-85.45	-79.65	-73.53
9280.81	-115.56	-109.46	-103.51	-97.79	-91.44	-85.40	-79.63	-73.38
9302.34	-115.59	-109.27	-103.73	-97.76	-91.47	-85.69	-79.67	-73.55
9323.88	-115.61	-109.58	-103.97	-97.73	-91.57	-85.60	-79.61	-73.65
9345.41	-115.53	-109.76	-103.70	-97.63	-91.75	-85.52	-79.41	-73.51
9366.94	-115.72	-109.62	-103.57	-97.63	-91.53	-85.44	-79.33	-73.44
9388.48	-115.69	-109.56	-103.72	-97.69	-91.51	-85.35	-79.61	-73.48
9410.01	-115.64	-109.72	-103.67	-97.72	-91.38	-85.63	-79.47	-73.54
9431.54	-115.67	-109.91	-103.59	-97.61	-91.47	-85.32	-79.55	-73.60
9453.08	-115.75	-109.83	-103.58	-97.56	-91.62	-85.43	-79.61	-73.65
9474.61	-115.76	-109.81	-103.41	-97.56	-91.69	-85.56	-79.49	-73.67
9496.14	-115.72	-109.60	-103.60	-97.56	-91.63	-85.56	-79.41	-73.39
9517.68	-115.52	-109.79	-103.75	-97.59	-91.64	-85.53	-79.62	-73.21
9539.21	-115.61	-109.71	-103.56	-97.68	-91.82	-85.34	-79.63	-73.54
9560.74	-115.63	-109.66	-103.57	-97.60	-91.89	-85.34	-79.29	-73.45
9582.28	-115.61	-109.78	-103.76	-97.55	-91.83	-85.51	-79.42	-73.66
9603.81	-115.53	-109.67	-103.59	-97.45	-91.50	-85.57	-79.40	-73.69
9625.34	-115.62	-109.63	-103.70	-97.24	-91.47	-85.52	-79.31	-73.45
9646.88	-115.74	-109.55	-103.87	-97.56	-91.67	-85.41	-79.37	-73.58
9668.41	-115.77	-109.67	-103.70	-97.54	-91.73	-85.46	-79.53	-73.46
9689.94	-115.70	-109.65	-103.50	-97.44	-91.68	-85.41	-79.55	-73.53
9711.47	-115.61	-109.58	-103.61	-97.59	-91.55	-85.46	-79.57	-73.56
9733.01	-115.58	-109.40	-103.57	-97.51	-91.64	-85.53	-79.42	-73.74
9754.54	-115.76	-109.39	-103.53	-97.62	-91.47	-85.32	-79.49	-73.60
9776.07	-115.73	-109.62	-103.57	-97.70	-91.55	-85.54	-79.44	-73.45
9797.61	-115.74	-109.68	-103.58	-97.60	-91.69	-85.46	-79.55	-73.38
9819.14	-115.59	-109.49	-103.72	-97.51	-91.36	-85.41	-79.56	-73.42
9840.67	-115.70	-109.55	-103.77	-97.65	-91.51	-85.51	-79.53	-73.33
9862.21	-115.74	-109.57	-103.60	-97.55	-91.59	-85.64	-79.61	-73.26
9883.74	-115.52	-109.55	-103.50	-97.72	-91.48	-85.50	-79.54	-73.37
9905.27	-115.54	-109.57	-103.48	-97.48	-91.68	-85.65	-79.66	-73.54
9926.81	-115.70	-109.78	-103.54	-97.56	-91.63	-85.60	-79.51	-73.60
9948.34	-115.67	-109.85	-103.55	-97.65	-91.45	-85.50	-79.47	-73.55
9969.87	-115.79	-109.66	-103.65	-97.59	-91.46	-85.51	-79.47	-73.68
9991.41	-115.83	-109.71	-103.46	-97.75	-91.44	-85.68	-79.46	-73.67
10012.94	-115.56	-109.87	-103.57	-97.67	-91.48	-85.86	-79.49	-73.61
10034.47	-115.35	-109.59	-103.66	-97.64	-91.63	-85.59	-79.49	-73.55
10056.01	-115.46	-109.42	-103.57	-97.59	-91.48	-85.58	-79.38	-73.46
10077.54	-115.54	-109.38	-103.60	-97.56	-91.64	-85.75	-79.32	-73.46
10099.07	-115.71	-109.52	-103.56	-97.54	-91.71	-85.52	-79.44	-73.72
10120.61	-115.82	-109.65	-103.47	-97.46	-91.66	-85.61	-79.51	-73.62
10142.14	-115.95	-109.83	-103.50	-97.49	-91.39	-85.40	-79.55	-73.51
10163.67	-115.70	-109.57	-103.54	-97.72	-91.59	-85.48	-79.79	-73.55
10185.21	-115.46	-109.60	-103.59	-97.55	-91.67	-85.38	-79.86	-73.49
10206.74	-115.70	-109.46	-103.69	-97.38	-91.64	-85.38	-79.48	-73.51
10228.27	-115.65	-109.47	-103.48	-97.58	-91.45	-85.59	-79.50	-73.57
10249.80	-115.67	-109.56	-103.49	-97.55	-91.51	-85.58	-79.68	-73.56
10271.34	-115.62	-109.42	-103.40	-97.43	-91.42	-85.52	-79.53	-73.47
10292.87	-115.71	-109.25	-103.38	-97.59	-91.43	-85.43	-79.49	-73.36
10314.40	-115.62	-109.37	-103.66	-97.45	-91.61	-85.44	-79.38	-73.46
10335.94	-115.72	-109.42	-103.61	-97.54	-91.70	-85.60	-79.35	-73.34
10357.47	-115.71	-109.50	-103.64	-97.51	-91.65	-85.50	-79.29	-73.32
10379.00	-115.52	-109.51	-103.58	-97.53	-91.51	-85.43	-79.36	-73.32
10400.54	-115.64	-109.52	-103.65	-97.71	-91.47	-85.57	-79.40	-73.29
10422.07	-115.71	-109.64	-103.51	-97.73	-91.43	-85.59	-79.35	-73.40
10443.60	-115.71	-109.57	-103.77	-97.66	-91.47	-85.51	-79.37	-73.55
10465.14	-115.83	-109.39	-103.86	-97.67	-91.54	-85.47	-79.56	-73.73
10486.67	-115.83	-109.46	-103.69	-97.75	-91.58	-85.62	-79.52	-73.81
10508.20	-115.43	-109.68	-103.62	-97.59	-91.29	-85.55	-79.53	-73.73
10529.74	-115.55	-109.70	-103.62	-97.50	-91.44	-85.64	-79.56	-73.54
10551.27	-115.66	-109.57	-103.62	-97.58	-91.61	-85.69	-79.41	-73.44
10572.80	-115.70	-109.59	-103.43	-97.65	-91.62	-85.53	-79.42	-73.53
10594.34	-115.62	-109.87	-103.37	-97.65	-91.38	-85.30	-79.53	-73.50
10615.87	-115.56	-109.62	-103.44	-97.62	-91.20	-85.32	-79.40	-73.61
10637.40	-115.61	-109.62	-103.55	-97.61	-91.39	-85.32	-79.37	-73.61
10658.94	-115.62	-109.81	-103.54	-97.62	-91.60	-85.47	-79.34	-73.59
10680.47	-115.66	-109.84	-103.59	-97.68	-91.79	-85.36	-79.48	-73.40
10702.00	-115.71	-109.69	-103.46	-97.54	-91.69	-85.45	-79.64	-73.30
10723.54	-115.60	-109.70	-103.55	-97.58	-91.54	-85.56	-79.65	-73.67
10745.07	-115.47	-109.74	-103.65	-97.58	-91.42	-85.74	-79.34	-73.69
10766.60	-115.60	-109.56	-103.51	-97.46	-91.59	-85.57	-79.51	-73.59
10788.13	-115.62	-109.53	-103.43	-97.52	-91.70	-85.57	-79.61	-73.51
10809.67	-115.61	-109.60	-103.46	-97.64	-91.45	-85.51	-79.65	-73.65
10831.20	-115.61	-109.64	-103.71	-97.78	-91.58	-85.60	-79.49	-73.75
10852.73	-115.69	-109.59	-103.70	-97.62	-91.46	-85.72	-79.38	-73.69
10874.27	-115.74	-109.39	-103.48	-97.54	-91.64	-85.50	-79.56	-73.59
10895.80	-115.55	-109.47	-103.77	-97.69	-91.65	-85.53	-79.63	-73.48
10917.33	-115.50	-109.62	-103.70	-97.55	-91.45	-85.89	-79.52	-73.47
10938.87	-115.56	-109.70	-103.69	-97.57	-91.57	-85.83	-79.36	-73.36
10960.40	-115.58	-109.69	-103.41	-97.80	-91.42	-85.59	-79.34	-73.39
10981.93	-115.59	-109.47	-103.44	-97.89	-91.55	-85.51	-79.49	-73.33
11003.47	-115.49	-109.34	-103.63	-97.82	-91.58	-85.71	-79.51	-73.27
11025.00	-115.64	-109.58	-103.66	-97.62	-91.40	-85.74	-79.51	-73.37
11046.53	-115.75	-109.78	-103.48	-97.52	-91.43	-85.62	-79.43	-73.46
11068.07	-115.48	-109.65	-103.57	-97.55	-91.54	-85.66	-79.49	-73.59
11089.60	-115.62	-109.54	-103.71	-97.65	-91.59	-85.76	-79.69	-73.62
11111.13	-115.93	-109.60	-103.75	-97.71	-91.42	-85.58	-79.51	-73.60
11132.67	-115.80	-109.55	-103.85	-97.68	-91.49	-85.41	-79.54	-73.49
11154.20	-115.59	-109.48	-103.78	-97.74	-91.60	-85.46	-79.54	-73.57
11175.73	-115.73	-109.52	-103.64	-97.49	-91.56	-85.55	-79.63	-73.53
11197.27	-115.70	-109.58	-103.76	-97.30	-91.63	-85.68	-79.67	-73.45
11218.80	-115.68	-109.62	-103.89	-97.55	-91.68	-85.42	-79.50	-73.47
11240.33	-115.64	-109.66	-103.71	-97.75	-91.69	-85.48	-79.46	-73.53
11261.87	-115.37	-109.62	-103.57	-97.67	-91.61	-85.43	-79.51	-73.57
11283.40	-115.38	-109.61	-103.90	-97.57	-91.57	-85.44	-79.64	-73.43
11304.93	-115.66	-109.52	-103.66	-97.69	-91.53	-85.36	-79.81	-73.39
11326.46	-115.94	-109.60	-103.57	-97.54	-91.40	-85.58	-79.48	-73.45
11348.00	-115.88	-109.51	-103.55	-97.52	-91.43	-85.65	-79.40	-73.49
11369.53	-115.77	-109.69	-103.47	-97.56	-91.54	-85.54	-79.42	-73.53
11391.06	-115.72	-109.74	-103.54	-97.62	-91.61	-85.60	-79.35	-73.39
11412.60	-115.50	-109.64	-103.64	-97.41	-91.54	-85.64	-79.30	-73.48
11434.13	-115.60	-109.63	-103.60	-97.48	-91.59	-85.65	-79.43	-73.49
11455.66	-115.98	-109.86	-103.56	-97.67	-91.68	-85.51	-79.55	-73.67
11477.20	-115.91	-109.72	-103.71	-97.65	-91.60	-85.59	-79.74	-73.66
11498.73	-115.79	-109.63	-103.55	-97.79	-91.62	-85.66	-79.72	-73.47
11520.26	-115.78	-109.49	-103.46	-97.51	-91.72	-85.43	-79.48	-73.27
11541.80	-115.72	-109.63	-103.56	-97.46	-91.49	-85.45	-79.49	-73.45
11563.33	-115.72	-109.52	-103.52	-97.44	-91.24	-85.64	-79.63	-73.47
11584.86	-115.76	-109.50	-103.33	-97.51	-91.39	-85.81	-79.49	-73.45
11606.40	-115.72	-109.69	-103.25	-97.63	-91.31	-85.69	-79.52	-73.39
11627.93	-115.41	-109.72	-103.46	-97.59	-91.49	-85.58	-79.40	-73.52
11649.46	-115.37	-109.56	-103.50	-97.68	-91.57	-85.68	-79.40	-73.24
11671.00	-115.60	-109.62	-103.57	-97.66	-91.36	-85.80	-79.37	-73.33
11692.53	-115.69	-109.40	-103.72	-97.50	-91.39	-85.60	-79.36	-73.43
11714.06	-115.87	-109.53	-103.95	-97.35	-91.39	-85.63	-79.38	-73.53
11735.60	-115.65	-109.70	-103.85	-97.34	-91.71	-85.75	-79.71	-73.59
11757.13	-115.67	-109.69	-103.63	-97.48	-91.72	-85.65	-79.62	-73.36
11778.66	-115.77	-109.83	-103.70	-97.44	-91.57	-85.55	-79.50	-73.36
11800.20	-115.51	-109.79	-103.82	-97.58	-91.68	-85.52	-79.48	-73.39
11821.73	-115.66	-109.51	-103.59	-97.54	-91.66	-85.48	-79.39	-73.48
11843.26	-115.63	-109.46	-103.80	-97.57	-91.61	-85.57	-79.57	-73.65
11864.79	-115.45	-109.58	-103.64	-97.63	-91.54	-85.55	-79.71	-73.69
11886.33	-115.64	-109.61	-103.59	-97.65	-91.32	-85.43	-79.62	-73.63
11907.86	-115.51	-109.65	-103.57	-97.57	-91.38	-85.38	-79.52	-73.61
11929.39	-115.48	-109.75	-103.55	-97.63	-91.40	-85.54	-79.62	-73.79
11950.93	-115.55	-109.85	-103.65	-97.56	-91.37	-85.51	-79.60	-73.65
11972.46	-115.73	-109.78	-103.56	-97.64	-91.34	-85.52	-79.56	-73.57
11993.99	-115.75	-109.71	-103.62	-97.63	-91.41	-85.42	-79.45	-73.64
12015.53	-115.54	-109.62	-103.56	-97.73	-91.59	-85.48	-79.46	-73.53
12037.06	-115.52	-109.71	-103.60	-97.65	-91.47	-85.75	-79.57	-73.63
12058.59	-115.63	-109.82	-103.47	-97.52	-91.20	-85.84	-79.62	-73.54
12080.13	-115.59	-109.62	-103.78	-97.54	-91.37	-85.73	-79.60	-73.38
12101.66	-115.65	-109.45	-103.71	-97.46	-91.38	-85.67	-79.48	-73.55
12123.19	-115.62	-109.56	-103.55	-97.56	-91.52	-85.45	-79.34	-73.49
12144.73	-115.70	-109.42	-103.58	-97.57	-91.36	-85.44	-79.50	-73.41
12166.26	-115.88	-109.54	-103.51	-97.41	-91.54	-85.58	-79.58	-73.39
12187.79	-115.59	-109.37	-103.60	-97.63	-91.72	-85.54	-79.58	-73.47
12209.33	-115.56	-109.48	-103.37	-97.60	-91.58	-85.59	-79.64	-73.64
12230.86	-115.78	-109.61	-103.38	-97.48	-91.42	-85.53	-79.90	-73.57
12252.39	-115.62	-109.57	-103.55	-97.80	-91.61	-85.75	-79.79	-73.38
12273.93	-115.36	-109.73	-103.67	-97.49	-91.74	-85.82	-79.40	-73.33
12295.46	-115.38	-109.82	-103.69	-97.46	-91.52	-85.60	-79.56	-73.38
12316.99	-115.54	-109.92	-103.50	-97.62	-91.42	-85.54	-79.61	-73.45
12338.53	-115.50	-109.92	-103.44	-97.68	-91.60	-85.50	-79.49	-73.29
12360.06	-115.63	-109.68	-103.69	-97.68	-91.61	-85.58	-79.42	-73.38
12381.59	-115.82	-109.79	-103.67	-97.53	-91.58	-85.43	-79.45	-73.46
12403.12	-115.84	-109.71	-103.61	-97.72	-91.66	-85.54	-79.49	-73.56
12424.66	-115.42	-109.67	-103.47	-97.57	-91.52	-85.50	-79.43	-73.51
12446.19	-115.62	-109.50	-103.58	-97.48	-91.49	-85.65	-79.56	-73.63
12467.72	-115.72	-109.34	-103.71	-97.56	-91.52	-85.73	-79.38	-73.62
12489.26	-115.66	-109.62	-103.71	-97.54	-91.53	-85.56	-79.28	-73.56
12510.79	-115.66	-109.67	-103.74	-97.50	-91.55	-85.47	-79.53	-73.40
12532.32	-115.81	-109.59	-103.60	-97.29	-91.54	-85.53	-79.55	-73.41
12553.86	-115.72	-109.55	-103.60	-97.54	-91.49	-85.35	-79.60	-73.29
12575.39	-115.68	-109.62	-103.73	-97.66	-91.61	-85.47	-79.64	-73.33
12596.92	-115.64	-109.63	-103.67	-97.45	-91.59	-85.68	-79.78	-73.48
12618.46	-115.61	-109.74	-103.55	-97.48	-91.48	-85.61	-79.71	-73.45
12639.99	-115.62	-109.59	-103.44	-97.54	-91.42	-85.60	-79.56	-73.50
12661.52	-115.78	-109.47	-103.50	-97.38	-91.47	-85.72	-79.41	-73.70
12683.06	-115.79	-109.71	-103.63	-97.41	-91.50	-85.74	-79.68	-73.67
12704.59	-115.59	-109.81	-103.94	-97.37	-91.59	-85.66	-79.57	-73.51
12726.12	-115.74	-109.75	-103.74	-97.54	-91.56	-85.64	-79.23	-73.56
12747.66	-115.65	-109.57	-103.73	-97.71	-91.53	-85.50	-79.44	-73.49
12769.19	-115.61	-109.55	-103.58	-97.58	-91.39	-85.54	-79.68	-73.29
12790.72	-115.54	-109.78	-103.69	-97.64	-91.56	-85.43	-79.37	-73.36
12812.26	-115.48	-109.69	-103.64	-97.52	-91.54	-85.50	-79.28	-73.26
12833.79	-115.41	-109.70	-103.53	-97.43	-91.49	-85.50	-79.39	-73.13
12855.32	-115.41	-109.58	-103.51	-97.60	-91.68	-85.45	-79.46	-73.44
12876.86	-115.55	-109.28	-103.61	-97.70	-91.71	-85.30	-79.50	-73.45
12898.39	-115.53	-109.54	-103.61	-97.70	-91.61	-85.46	-79.63	-73.37
12919.92	-115.57	-109.77	-103.68	-97.64	-91.45	-85.54	-79.49	-73.45
12941.46	-115.75	-109.72	-103.67	-97.60	-91.54	-85.51	-79.37	-73.64
12962.99	-115.70	-109.75	-103.69	-97.62	-91.67	-85.69	-79.43	-73.56
12984.52	-115.67	-109.64	-103.51	-97.45	-91.73	-85.58	-79.54	-73.53
13006.05	-115.75	-109.71	-103.49	-97.57	-91.75	-85.35	-79.58	-73.36
13027.59	-115.66	-109.85	-103.68	-97.71	-91.69	-85.55	-79.60	-73.32
13049.12	-115.62	-109.53	-103.98	-97.71	-91.70	-85.80	-79.58	-73.41
13070.65	-115.68	-109.37	-103.72	-97.37	-91.64	-85.64	-79.57	-73.45
13092.19	-115.64	-109.66	-103.61	-97.48	-91.80	-85.71	-79.52	-73.50
13113.72	-115.51	-109.63	-103.54	-97.53	-91.68	-85.60	-79.52	-73.29
13135.25	-115.57	-109.66	-103.72	-97.48	-91.61	-85.64	-79.52	-73.31
13156.79	-115.58	-109.41	-103.73	-97.44	-91.69	-85.60	-79.43	-73.64
13178.32	-115.57	-109.65	-103.60	-97.39	-91.74	-85.64	-79.47	-73.66
13199.85	-115.51	-109.86	-103.59	-97.47	-91.81	-85.54	-79.74	-73.58
13221.39	-115.36	-109.65	-103.53	-97.64	-91.61	-85.58	-79.51	-73.63
13242.92	-115.56	-109.54	-103.51	-97.57	-91.47	-85.55	-79.36	-73.37
13264.45	-115.72	-109.66	-103.47	-97.61	-91.53	-85.57	-79.53	-73.32
13285.99	-115.72	-109.47	-103.58	-97.66	-91.35	-85.56	-79.65	-73.54
13307.52	-115.46	-109.40	-103.59	-97.65	-91.67	-85.72	-79.46	-73.58
13329.05	-115.55	-109.40	-103.70	-97.62	-91.54	-85.42	-79.43	-73.34
13350.59	-115.70	-109.42	-103.83	-97.53	-91.63	-85.52	-79.78	-73.25
13372.12	-115.56	-109.61	-103.63	-97.50	-91.75	-85.41	-79.97	-73.66
13393.65	-115.65	-109.63	-103.60	-97.47	-91.59	-85.33	-79.88	-73.79
13415.19	-115.78	-109.54	-103.59	-97.58	-91.46	-85.47	-79.60	-73.20
13436.72	-115.88	-109.69	-103.45	-97.78	-91.55	-85.42	-79.54	-73.41
13458.25	-115.59	-109.76	-103.56	-97.65	-91.55	-85.48	-79.60	-73.48
13479.79	-115.61	-109.61	-103.54	-97.40	-91.61	-85.57	-79.58	-73.47
13501.32	-115.48	-109.42	-103.58	-97.37	-91.73	-85.39	-79.58	-73.69
13522.85	-115.66	-109.76	-103.48	-97.50	-91.62	-85.34	-79.64	-73.63
13544.38	-115.76	-109.82	-103.56	-97.58	-91.59	-85.53	-79.66	-73.37
13565.92	-115.58	-109.71	-103.53	-97.40	-91.91	-85.68	-79.69	-73.27
13587.45	-115.66	-109.68	-103.60	-97.58	-91.90	-85.60	-79.60	-73.51
13608.98	-115.74	-109.50	-103.72	-97.60	-91.49	-85.48	-79.55	-73.46
13630.52	-115.81	-109.40	-103.72	-97.32	-91.43	-85.51	-79.61	-73.47
13652.05	-115.75	-109.56	-103.58	-97.54	-91.50	-85.57	-79.50	-73.61
13673.58	-115.75	-109.69	-103.58	-97.69	-91.63	-85.47	-79.42	-73.58
13695.12	-115.68	-109.82	-103.66	-97.46	-91.68	-85.54	-79.46	-73.42
13716.65	-115.62	-109.71	-103.69	-97.45	-91.58	-85.44	-79.65	-73.64
13738.18	-115.83	-109.61	-103.48	-97.65	-91.52	-85.53	-79.57	-73.66
13759.72	-115.56	-109.36	-103.36	-97.82	-91.76	-85.52	-79.55	-73.55
13781.25	-115.22	-109.60	-103.40	-97.63	-91.93	-85.80	-79.53	-73.59
13802.78	-115.42	-109.77	-103.50	-97.41	-91.67	-85.67	-79.60	-73.73
13824.32	-115.49	-109.55	-103.57	-97.54	-91.42	-85.72	-79.58	-73.63
13845.85	-115.54	-109.54	-103.42	-97.55	-91.48	-85.67	-79.56	-73.60
13867.38	-115.64	-109.54	-103.33	-97.66	-91.53	-85.62	-79.64	-73.57
13888.92	-115.61	-109.57	-103.57	-97.78	-91.64	-85.60	-79.74	-73.60
13910.45	-115.68	-109.59	-103.63	-97.59	-91.57	-85.67	-79.71	-73.58
13931.98	-115.63	-109.60	-103.70	-97.49	-91.53	-85.63	-79.53	-73.65
13953.52	-115.63	-109.62	-103.74	-97.38	-91.59	-85.54	-79.34	-73.85
13975.05	-115.78	-109.49	-103.63	-97.72	-91.44	-85.47	-79.46	-73.60
13996.58	-115.76	-109.72	-103.57	-97.50	-91.43	-85.32	-79.63	-73.49
14018.12	-115.61	-109.62	-103.55	-97.36	-91.40	-85.33	-79.40	-73.39
14039.65	-115.76	-109.65	-103.49	-97.52	-91.54	-85.41	-79.45	-73.44
14061.18	-115.75	-109.63	-103.50	-97.41	-91.60	-85.56	-79.35	-73.43
14082.71	-115.75	-109.85	-103.58	-97.35	-91.50	-85.58	-79.32	-73.57
14104.25	-115.76	-109.76	-103.58	-97.53	-91.53	-85.63	-79.43	-73.41
14125.78	-115.59	-109.75	-103.66	-97.36	-91.53	-85.66	-79.49	-73.45
14147.31	-115.65	-109.56	-103.56	-97.42	-91.46	-85.68	-79.44	-73.54
14168.85	-115.71	-109.61	-103.58	-97.39	-91.68	-85.69	-79.43	-73.52
14190.38	-115.72	-109.51	-103.56	-97.53	-91.70	-85.59	-79.73	-73.36
14211.91	-115.61	-109.51	-103.47	-97.66	-91.35	-85.46	-79.67	-73.52
14233.45	-115.96	-109.60	-103.46	-97.55	-91.38	-85.44	-79.80	-73.70
14254.98	-116.04	-109.61	-103.55	-97.45	-91.52	-85.62	-79.78	-73.62
14276.51	-115.78	-109.65	-103.68	-97.48	-91.51	-85.67	-79.37	-73.67
14298.05	-115.73	-109.54	-103.85	-97.61	-91.60	-85.60	-79.45	-73.70
14319.58	-115.91	-109.46	-103.44	-97.44	-91.78	-85.52	-79.36	-73.66
14341.11	-115.82	-109.31	-103.40	-97.36	-91.71	-85.61	-79.49	-73.41
14362.65	-115.51	-109.41	-103.48	-97.40	-91.57	-85.56	-79.76	-73.37
14384.18	-115.64	-109.65	-103.65	-97.45	-91.56	-85.57	-79.59	-73.42
14405.71	-115.75	-109.52	-103.58	-97.49	-91.49	-85.39	-79.53	-73.70
14427.25	-115.53	-109.59	-103.55	-97.58	-91.55	-85.50	-79.46	-73.65
14448.78	-115.55	-109.66	-103.44	-97.64	-91.55	-85.61	-79.49	-73.45
14470.31	-115.68	-109.78	-103.46	-97.46	-91.53	-85.60	-79.56	-73.55
14491.85	-115.66	-109.61	-103.66	-97.41	-91.62	-85.52	-79.62	-73.44
14513.38	-115.50	-109.33	-103.79	-97.41	-91.65	-85.64	-79.57	-73.41
14534.91	-115.53	-109.45	-103.75	-97.44	-91.42	-85.75	-79.45	-73.45
14556.45	-115.63	-109.61	-103.61	-97.56	-91.47	-85.48	-79.40	-73.40
14577.98	-115.70	-109.70	-103.54	-97.64	-91.44	-85.49	-79.38	-73.64
14599.51	-115.69	-109.66	-103.62	-97.63	-91.40	-85.62	-79.51	-73.74
14621.04	-115.65	-109.60	-103.68	-97.72	-91.50	-85.66	-79.60	-73.70
14642.58	-115.74	-109.34	-103.63	-97.50	-91.73	-85.70	-79.63	-73.53
14664.11	-115.56	-109.47	-103.56	-97.39	-91.68	-85.46	-79.57	-73.38
14685.64	-115.57	-109.68	-103.48	-97.31	-91.45	-85.40	-79.54	-73.44
14707.18	-115.59	-109.75	-103.54	-97.51	-91.44	-85.57	-79.54	-73.49
14728.71	-115.45	-109.70	-103.64	-97.61	-91.55	-85.58	-79.49	-73.54
14750.24	-115.50	-109.43	-103.64	-97.68	-91.55	-85.43	-79.62	-73.60
14771.78	-115.55	-109.62	-103.59	-97.66	-91.47	-85.54	-79.44	-73.63
14793.31	-115.77	-109.74	-103.55	-97.56	-91.56	-85.70	-79.63	-73.72
14814.84	-115.68	-109.50	-103.66	-97.49	-91.46	-85.58	-79.53	-73.60
14836.38	-115.71	-109.49	-103.57	-97.67	-91.60	-85.51	-79.41	-73.55
14857.91	-115.70	-109.68	-103.47	-97.76	-91.69	-85.51	-79.38	-73.67
14879.44	-115.66	-109.68	-103.49	-97.62	-91.71	-85.34	-79.62	-73.54
14900.98	-115.72	-109.75	-103.53	-97.32	-91.69	-85.57	-79.89	-73.56
14922.51	-115.60	-109.61	-103.51	-97.39	-91.69	-85.71	-79.56	-73.31
14944.04	-115.59	-109.55	-103.62	-97.52	-91.48	-85.55	-79.33	-73.49
14965.58	-115.60	-109.54	-103.70	-97.63	-91.33	-85.37	-79.53	-73.37
14987.11	-115.57	-109.40	-103.57	-97.49	-91.48	-85.49	-79.54	-73.45
15008.64	-115.63	-109.72	-103.61	-97.50	-91.50	-85.60	-79.49	-73.52
15030.18	-115.75	-109.77	-103.70	-97.52	-91.55	-85.53	-79.49	-73.59
15051.71	-115.63	-109.81	-103.56	-97.46	-91.41	-85.44	-79.48	-73.55
15073.24	-115.61	-109.59	-103.52	-97.30	-91.75	-85.71	-79.42	-73.53
15094.78	-115.55	-109.66	-103.48	-97.43	-91.85	-85.50	-79.40	-73.49
15116.31	-115.66	-109.82	-103.63	-97.53	-91.52	-85.44	-79.44	-73.41
15137.84	-115.76	-109.76	-103.67	-97.61	-91.54	-85.53	-79.49	-73.52
15159.38	-115.85	-109.78	-103.70	-97.50	-91.75	-85.64	-79.57	-73.65
15180.91	-115.73	-109.62	-103.51	-97.47	-91.57	-85.58	-79.57	-73.72
15202.44	-115.64	-109.54	-103.47	-97.47	-91.48	-85.28	-79.65	-73.75
15223.97	-115.57	-109.53	-103.40	-97.57	-91.59	-85.35	-79.42	-73.75
15245.51	-115.67	-109.62	-103.65	-97.83	-91.54	-85.50	-79.47	-73.62
15267.04	-115.56	-109.56	-103.63	-97.78	-91.55	-85.52	-79.43	-73.58
15288.57	-115.70	-109.41	-103.50	-97.66	-91.47	-85.59	-79.54	-73.49
15310.11	-115.75	-109.34	-103.50	-97.50	-91.44	-85.68	-79.49	-73.41
15331.64	-115.58	-109.40	-103.45	-97.51	-91.66	-85.70	-79.42	-73.33
15353.17	-115.48	-109.66	-103.57	-97.56	-91.66	-85.46	-79.54	-73.31
15374.71	-115.58	-109.66	-103.87	-97.68	-91.62	-85.48	-79.67	-73.61
15396.24	-115.72	-109.44	-103.62	-97.79	-91.76	-85.52	-79.59	-73.52
15417.77	-115.70	-109.42	-103.58	-97.62	-91.64	-85.60	-79.48	-73.59
15439.31	-115.55	-109.30	-103.61	-97.40	-91.50	-85.65	-79.48	-73.48
15460.84	-115.63	-109.35	-103.46	-97.36	-91.52	-85.49	-79.58	-73.33
15482.37	-115.58	-109.64	-103.55	-97.56	-91.48	-85.60	-79.62	-73.42
15503.91	-115.57	-109.64	-103.60	-97.71	-91.40	-85.58	-79.62	-73.40
15525.44	-115.63	-109.60	-103.49	-97.66	-91.63	-85.52	-79.60	-73.50
15546.97	-115.62	-109.62	-103.50	-97.44	-91.76	-85.58	-79.51	-73.59
15568.51	-115.73	-109.53	-103.44	-97.31	-91.51	-85.47	-79.54	-73.53
15590.04	-115.51	-109.53	-103.56	-97.37	-91.74	-85.36	-79.62	-73.55
15611.57	-115.76	-109.51	-103.64	-97.42	-91.72	-85.45	-79.61	-73.52
15633.11	-115.69	-109.42	-103.75	-97.51	-91.74	-85.63	-79.61	-73.43
15654.64	-115.60	-109.51	-103.84	-97.59	-91.49	-85.65	-79.52	-73.56
15676.17	-115.81	-109.63	-103.52	-97.53	-91.46	-85.49	-79.46	-73.53
15697.71	-115.82	-109.57	-103.45	-97.49	-91.45	-85.47	-79.63	-73.58
15719.24	-115.72	-109.56	-103.58	-97.69	-91.48	-85.44	-79.63	-73.56
15740.77	-115.84	-109.48	-103.66	-97.80	-91.50	-85.52	-79.56	-73.64
15762.30	-115.69	-109.45	-103.54	-97.72	-91.23	-85.48	-79.38	-73.51
15783.84	-115.60	-109.37	-103.66	-97.68	-91.26	-85.57	-79.49	-73.53
15805.37	-115.57	-109.57	-103.84	-97.47	-91.67	-85.35	-79.42	-73.47
15826.90	-115.60	-109.74	-103.76	-97.44	-91.62	-85.40	-79.35	-73.52
15848.44	-115.56	-109.67	-103.75	-97.73	-91.51	-85.51	-79.55	-73.50
15869.97	-115.92	-109.54	-103.76	-97.60	-91.36	-85.49	-79.72	-73.44
15891.50	-115.57	-109.54	-103.66	-97.64	-91.54	-85.63	-79.65	-73.50
15913.04	-115.50	-109.57	-103.77	-97.66	-91.76	-85.59	-79.56	-73.58
15934.57	-115.52	-109.56	-103.65	-97.59	-91.54	-85.65	-79.45	-73.58
15956.10	-115.51	-109.51	-103.62	-97.40	-91.37	-85.69	-79.45	-73.58
15977.64	-115.60	-109.55	-103.59	-97.55	-91.45	-85.60	-79.56	-73.61
15999.17	-115.50	-109.75	-103.34	-97.63	-91.34	-85.52	-79.54	-73.65
16020.70	-115.54	-109.73	-103.41	-97.54	-91.41	-85.37	-79.48	-73.52
16042.24	-115.66	-109.74	-103.64	-97.71	-91.55	-85.58	-79.52	-73.55
16063.77	-115.78	-109.56	-103.55	-97.67	-91.61	-85.46	-79.32	-73.61
16085.30	-115.74	-109.61	-103.71	-97.57	-91.50	-85.29	-79.27	-73.51
16106.84	-115.57	-109.67	-103.75	-97.52	-91.54	-85.59	-79.61	-73.45
16128.37	-115.67	-109.75	-103.75	-97.51	-91.74	-85.59	-79.55	-73.50
16149.90	-115.54	-109.55	-103.59	-97.68	-91.54	-85.47	-79.49	-73.62
16171.44	-115.37	-109.48	-103.41	-97.61	-91.24	-85.29	-79.57	-73.50
16192.97	-115.56	-109.52	-103.41	-97.63	-91.45	-85.61	-79.67	-73.57
16214.50	-115.76	-109.64	-103.62	-97.71	-91.54	-85.69	-79.52	-73.48
16236.04	-115.58	-109.79	-103.42	-97.65	-91.75	-85.76	-79.52	-73.51
16257.57	-115.61	-109.84	-103.54	-97.83	-91.67	-85.72	-79.51	-73.46
16279.10	-115.77	-109.91	-103.70	-97.52	-91.66	-85.53	-79.57	-73.35
16300.63	-115.48	-109.53	-103.75	-97.57	-91.69	-85.65	-79.55	-73.51
16322.17	-115.51	-109.61	-103.76	-97.57	-91.53	-85.74	-79.58	-73.57
16343.70	-115.55	-109.59	-103.84	-97.56	-91.69	-85.64	-79.45	-73.41
16365.23	-115.58	-109.40	-103.74	-97.50	-91.58	-85.66	-79.39	-73.60
16386.77	-115.46	-109.53	-103.67	-97.46	-91.41	-85.52	-79.34	-73.71
16408.30	-115.46	-109.73	-103.54	-97.60	-91.47	-85.67	-79.26	-73.50
16429.83	-115.43	-109.64	-103.42	-97.82	-91.38	-85.53	-79.50	-73.47
16451.37	-115.41	-109.69	-103.72	-97.53	-91.36	-85.43	-79.66	-73.49
16472.90	-115.43	-109.81	-103.61	-97.53	-91.35	-85.61	-79.24	-73.41
16494.43	-115.45	-109.76	-103.61	-97.62	-91.55	-85.55	-79.14	-73.47
16515.97	-115.46	-109.70	-103.74	-97.63	-91.64	-85.53	-79.34	-73.58
16537.50	-115.62	-109.71	-103.66	-97.62	-91.64	-85.46	-79.39	-73.69
16559.03	-115.61	-109.68	-103.59	-97.38	-91.55	-85.45	-79.39	-73.59
16580.57	-115.78	-109.52	-103.57	-97.52	-91.45	-85.55	-79.59	-73.47
16602.10	-115.82	-109.49	-103.63	-97.61	-91.49	-85.62	-79.49	-73.37
16623.63	-115.73	-109.52	-103.64	-97.61	-91.62	-85.59	-79.40	-73.27
16645.17	-115.79	-109.70	-103.73	-97.75	-91.54	-85.43	-79.49	-73.29
16666.70	-115.68	-109.75	-103.50	-97.61	-91.58	-85.55	-79.47	-73.60
16688.23	-115.69	-109.79	-103.36	-97.58	-91.69	-85.69	-79.75	-73.61
16709.77	-115.60	-109.75	-103.49	-97.62	-91.68	-85.57	-79.59	-73.51
16731.30	-115.56	-109.60	-103.45	-97.57	-91.56	-85.53	-79.44	-73.48
16752.83	-115.31	-109.73	-103.53	-97.62	-91.40	-85.32	-79.40	-73.45
16774.37	-115.61	-109.82	-103.64	-97.66	-91.48	-85.50	-79.29	-73.43
16795.90	-115.92	-109.76	-103.69	-97.55	-91.52	-85.61	-79.59	-73.28
16817.43	-115.71	-109.64	-103.67	-97.50	-91.35	-85.73	-79.72	-73.34
16838.96	-115.51	-109.44	-103.72	-97.28	-91.39	-85.84	-79.66	-73.62
16860.50	-115.68	-109.38	-103.67	-97.48	-91.53	-85.93	-79.55	-73.56
16882.03	-115.74	-109.42	-103.81	-97.48	-91.61	-85.66	-79.50	-73.58
16903.56	-115.62	-109.58	-103.79	-97.47	-91.59	-85.58	-79.38	-73.46
16925.10	-115.78	-109.83	-103.72	-97.41	-91.63	-85.70	-79.35	-73.54
16946.63	-115.75	-109.89	-103.75	-97.53	-91.64	-85.55	-79.41	-73.51
16968.16	-115.60	-109.80	-103.64	-97.84	-91.54	-85.48	-79.47	-73.28
16989.70	-115.71	-109.60	-103.55	-97.93	-91.43	-85.44	-79.33	-73.25
17011.23	-115.81	-109.47	-103.59	-97.69	-91.51	-85.56	-79.44	-73.41
17032.76	-115.84	-109.60	-103.68	-97.63	-91.41	-85.75	-79.56	-73.58
17054.30	-115.65	-109.72	-103.60	-97.61	-91.39	-85.55	-79.51	-73.58
17075.83	-115.65	-109.69	-103.48	-97.38	-91.28	-85.49	-79.45	-73.41
17097.36	-115.71	-109.60	-103.50	-97.37	-91.50	-85.39	-79.62	-73.33
17118.90	-115.82	-109.62	-103.50	-97.48	-91.75	-85.39	-79.68	-73.30
17140.43	-115.66	-109.69	-103.70	-97.54	-91.60	-85.52	-79.65	-73.42
17161.96	-115.61	-109.67	-103.58	-97.53	-91.70	-85.42	-79.63	-73.57
17183.50	-115.75	-109.55	-103.59	-97.48	-91.49	-85.44	-79.67	-73.37
17205.03	-115.68	-109.70	-103.42	-97.69	-91.50	-85.59	-79.60	-73.41
17226.56	-115.54	-109.66	-103.42	-97.49	-91.57	-85.67	-79.55	-73.55
17248.10	-115.70	-109.62	-103.46	-97.51	-91.68	-85.57	-79.51	-73.67
17269.63	-115.64	-109.63	-103.67	-97.50	-91.59	-85.59	-79.63	-73.45
17291.16	-115.53	-109.54	-103.61	-97.39	-91.57	-85.46	-79.57	-73.57
17312.70	-115.76	-109.66	-103.62	-97.41	-91.50	-85.35	-79.70	-73.56
17334.23	-115.86	-109.75	-103.66	-97.59	-91.50	-85.45	-79.63	-73.64
17355.76	-115.62	-109.67	-103.50	-97.83	-91.82	-85.45	-79.42	-73.53
17377.29	-115.65	-109.61	-103.45	-97.70	-91.59	-85.45	-79.39	-73.42
17398.83	-115.75	-109.60	-103.64	-97.67	-91.47	-85.60	-79.49	-73.40
17420.36	-115.69	-109.78	-103.63	-97.81	-91.52	-85.34	-79.54	-73.60
17441.89	-115.71	-109.72	-103.50	-97.68	-91.55	-85.31	-79.47	-73.57
17463.43	-115.89	-109.61	-103.56	-97.65	-91.44	-85.25	-79.51	-73.51
17484.96	-115.69	-109.38	-103.54	-97.52	-91.58	-85.28	-79.74	-73.67
17506.49	-115.56	-109.43	-103.49	-97.47	-91.51	-85.39	-79.58	-73.44
17528.03	-115.68	-109.58	-103.66	-97.48	-91.28	-85.54	-79.74	-73.39
17549.56	-115.53	-109.66	-103.57	-97.52	-91.39	-85.53	-79.57	-73.42
17571.09	-115.63	-109.54	-103.26	-97.55	-91.31	-85.51	-79.43	-73.45
17592.63	-115.67	-109.62	-103.27	-97.54	-91.41	-85.52	-79.58	-73.49
17614.16	-115.59	-109.71	-103.48	-97.31	-91.61	-85.77	-79.57	-73.52
17635.69	-115.60	-109.85	-103.54	-97.51	-91.52	-85.58	-79.47	-73.46
17657.23	-115.51	-109.70	-103.56	-97.61	-91.34	-85.39	-79.34	-73.43
17678.76	-115.51	-109.59	-103.50	-97.64	-91.41	-85.41	-79.45	-73.38
17700.29	-115.65	-109.51	-103.65	-97.76	-91.50	-85.48	-79.37	-73.41
17721.83	-115.74	-109.69	-103.84	-97.61	-91.51	-85.56	-79.45	-73.49
17743.36	-115.73	-109.78	-103.81	-97.35	-91.64	-85.59	-79.63	-73.50
17764.89	-115.48	-109.80	-103.69	-97.39	-91.61	-85.71	-79.46	-73.64
17786.43	-115.54	-109.55	-103.53	-97.65	-91.67	-85.72	-79.63	-73.55
17807.96	-115.63	-109.56	-103.51	-97.65	-91.60	-85.64	-79.82	-73.57
17829.49	-115.59	-109.63	-103.61	-97.50	-91.65	-85.47	-79.62	-73.52
17851.03	-115.61	-109.62	-103.74	-97.31	-91.64	-85.56	-79.58	-73.56
17872.56	-115.53	-109.69	-103.55	-97.38	-91.43	-85.79	-79.47	-73.59
17894.09	-115.48	-109.72	-103.45	-97.67	-91.40	-85.63	-79.56	-73.41
17915.62	-115.49	-109.63	-103.55	-97.46	-91.35	-85.37	-79.65	-73.47
17937.16	-115.72	-109.61	-103.68	-97.46	-91.55	-85.34	-79.44	-73.40
17958.69	-115.83	-109.96	-103.85	-97.73	-91.72	-85.51	-79.36	-73.21
17980.22	-115.90	-109.85	-103.80	-97.56	-91.70	-85.65	-79.31	-73.27
18001.76	-115.83	-109.92	-103.69	-97.45	-91.76	-85.61	-79.28	-73.39
18023.29	-115.58	-109.90	-103.56	-97.61	-91.76	-85.55	-79.36	-73.56
18044.82	-115.59	-109.62	-103.59	-97.61	-91.65	-85.56	-79.51	-73.64
18066.36	-115.72	-109.73	-103.62	-97.58	-91.64	-85.44	-79.74	-73.66
18087.89	-115.59	-110.00	-103.63	-97.84	-91.66	-85.65	-79.59	-73.51
18109.42	-115.55	-109.78	-103.74	-97.68	-91.76	-85.63	-79.45	-73.62
18130.96	-115.48	-109.53	-103.66	-97.49	-91.70	-85.34	-79.46	-73.68
18152.49	-115.33	-109.62	-103.58	-97.57	-91.72	-85.50	-79.46	-73.66
18174.02	-115.55	-109.58	-103.61	-97.51	-91.67	-85.94	-79.43	-73.59
18195.56	-115.69	-109.61	-103.96	-97.43	-91.56	-85.71	-79.31	-73.52
18217.09	-115.85	-109.47	-103.74	-97.51	-91.61	-85.69	-79.57	-73.45
18238.62	-115.67	-109.54	-103.72	-97.55	-91.51	-85.70	-79.61	-73.56
18260.16	-115.77	-109.74	-103.64	-97.62	-91.57	-85.49	-79.45	-73.55
18281.69	-115.73	-109.94	-103.56	-97.51	-91.46	-85.64	-79.44	-73.41
18303.22	-115.87	-109.78	-103.69	-97.56	-91.47	-85.58	-79.36	-73.37
18324.76	-115.98	-109.56	-103.70	-97.58	-91.61	-85.67	-79.33	-73.61
18346.29	-115.89	-109.65	-103.51	-97.64	-91.57	-85.75	-79.44	-73.87
18367.82	-115.74	-109.55	-103.49	-97.58	-91.48	-85.71	-79.48	-73.66
18389.36	-115.63	-109.67	-103.55	-97.58	-91.62	-85.54	-79.35	-73.53
18410.89	-115.59	-109.65	-103.64	-97.77	-91.77	-85.67	-79.54	-73.65
18432.42	-115.59	-109.68	-103.40	-97.67	-91.56	-85.54	-79.33	-73.51
18453.96	-115.64	-109.51	-103.53	-97.56	-91.43	-85.48	-79.44	-73.47
18475.49	-115.59	-109.44	-103.50	-97.64	-91.64	-85.56	-79.57	-73.45
18497.02	-115.58	-109.47	-103.59	-97.41	-91.57	-85.68	-79.65	-73.49
18518.55	-115.56	-109.72	-103.88	-97.37	-91.52	-85.69	-79.77	-73.57
18540.09	-115.59	-109.84	-103.71	-97.61	-91.58	-85.54	-79.64	-73.65
18561.62	-115.62	-109.76	-103.42	-97.83	-91.48	-85.47	-79.63	-73.65
18583.15	-115.58	-109.66	-103.43	-97.75	-91.43	-85.45	-79.45	-73.62
18604.69	-115.63	-109.65	-103.66	-97.57	-91.42	-85.39	-79.36	-73.63
18626.22	-115.70	-109.64	-103.61	-97.41	-91.50	-85.34	-79.50	-73.45
18647.75	-115.67	-109.62	-103.62	-97.42	-91.43	-85.48	-79.43	-73.28
18669.29	-115.56	-109.71	-103.54	-97.55	-91.52	-85.63	-79.61	-73.52
18690.82	-115.46	-109.66	-103.19	-97.37	-91.48	-85.66	-79.51	-73.60
18712.35	-115.63	-109.65	-103.50	-97.23	-91.53	-85.63	-79.44	-73.60
18733.89	-115.71	-109.62	-103.50	-97.42	-91.46	-85.67	-79.65	-73.72
18755.42	-115.57	-109.53	-103.74	-97.46	-91.62	-85.63	-79.62	-73.59
18776.95	-115.63	-109.64	-103.72	-97.41	-91.56	-85.67	-79.55	-73.51
18798.49	-115.48	-109.69	-103.60	-97.55	-91.42	-85.58	-79.39	-73.56
18820.02	-115.48	-109.73	-103.49	-97.51	-91.37	-85.57	-79.40	-73.51
18841.55	-115.54	-109.80	-103.57	-97.69	-91.69	-85.65	-79.43	-73.43
18863.09	-115.56	-109.58	-103.59	-97.52	-91.66	-85.67	-79.45	-73.39
18884.62	-115.46	-109.48	-103.75	-97.49	-91.42	-85.61	-79.57	-73.39
18906.15	-115.60	-109.47	-103.44	-97.49	-91.61	-85.48	-79.56	-73.34
18927.69	-115.69	-109.53	-103.49	-97.62	-91.73	-85.47	-79.54	-73.28
18949.22	-115.78	-109.56	-103.69	-97.68	-91.75	-85.42	-79.49	-73.41
18970.75	-115.49	-109.66	-103.59	-97.78	-91.52	-85.39	-79.51	-73.85
18992.29	-115.44	-109.55	-103.66	-97.40	-91.53	-85.60	-79.65	-73.75
19013.82	-115.75	-109.50	-103.54	-97.49	-91.49	-85.76	-79.64	-73.61
19035.35	-115.67	-109.51	-103.64	-97.71	-91.54	-85.67	-79.53	-73.56
19056.88	-115.59	-109.49	-103.67	-97.59	-91.51	-85.74	-79.36	-73.68
19078.42	-115.68	-109.67	-103.74	-97.58	-91.59	-85.66	-79.42	-73.67
19099.95	-115.98	-110.03	-103.59	-97.51	-91.60	-85.54	-79.53	-73.74
19121.48	-115.90	-109.87	-103.58	-97.53	-91.60	-85.59	-79.58	-73.44
19143.02	-115.62	-109.53	-103.56	-97.44	-91.48	-85.64	-79.56	-73.42
19164.55	-115.56	-109.52	-103.58	-97.50	-91.58	-85.61	-79.26	-73.81
19186.08	-115.58	-109.63	-103.49	-97.37	-91.61	-85.66	-79.46	-73.58
19207.62	-115.37	-109.60	-103.40	-97.48	-91.32	-85.60	-79.47	-73.28
19229.15	-115.42	-109.59	-103.39	-97.73	-91.34	-85.53	-79.36	-73.30
19250.68	-115.60	-109.68	-103.69	-97.65	-91.43	-85.57	-79.36	-73.64
19272.22	-115.54	-109.71	-103.77	-97.68	-91.58	-85.59	-79.49	-73.83
19293.75	-115.54	-109.53	-103.63	-97.48	-91.50	-85.56	-79.49	-73.56
19315.28	-115.75	-109.53	-103.51	-97.56	-91.55	-85.52	-79.43	-73.43
19336.82	-115.63	-109.47	-103.66	-97.57	-91.72	-85.56	-79.59	-73.60
19358.35	-115.60	-109.51	-103.74	-97.59	-91.55	-85.46	-79.67	-73.50
19379.88	-115.73	-109.51	-103.72	-97.64	-91.46	-85.53	-79.40	-73.55
19401.42	-115.71	-109.71	-103.50	-97.62	-91.56	-85.36	-79.29	-73.77
19422.95	-115.74	-109.83	-103.54	-97.58	-91.54	-85.42	-79.49	-73.80
19444.48	-115.77	-109.78	-103.75	-97.58	-91.28	-85.46	-79.40	-73.63
19466.02	-115.68	-109.77	-103.67	-97.55	-91.45	-85.40	-79.54	-73.59
19487.55	-115.71	-109.64	-103.45	-97.43	-91.69	-85.68	-79.59	-73.56
19509.08	-115.74	-109.62	-103.45	-97.45	-91.70	-85.86	-79.66	-73.68
19530.62	-115.58	-109.49	-103.43	-97.52	-91.42	-85.63	-79.66	-73.50
19552.15	-115.41	-109.43	-103.62	-97.59	-91.33	-85.63	-79.41	-73.30
19573.68	-115.52	-109.56	-103.61	-97.42	-91.48	-85.42	-79.28	-73.33
19595.21	-115.60	-109.48	-103.78	-97.58	-91.56	-85.38	-79.41	-73.38
19616.75	-115.51	-109.62	-103.78	-97.39	-91.62	-85.46	-79.31	-73.39
19638.28	-115.77	-109.58	-103.43	-97.54	-91.68	-85.39	-79.42	-73.36
19659.81	-115.96	-109.59	-103.44	-97.52	-91.69	-85.42	-79.66	-73.50
19681.35	-115.71	-109.47	-103.51	-97.56	-91.63	-85.48	-79.64	-73.63
19702.88	-115.56	-109.68	-103.58	-97.51	-91.69	-85.53	-79.57	-73.49
19724.41	-115.39	-109.57	-103.51	-97.36	-91.51	-85.49	-79.39	-73.45
19745.95	-115.54	-109.62	-103.62	-97.52	-91.47	-85.48	-79.33	-73.53
19767.48	-115.67	-109.75	-103.74	-97.63	-91.49	-85.62	-79.45	-73.49
19789.01	-115.66	-109.77	-103.64	-97.60	-91.55	-85.63	-79.62	-73.37
19810.55	-115.60	-109.84	-103.53	-97.49	-91.66	-85.67	-79.69	-73.43
19832.08	-115.36	-109.80	-103.67	-97.60	-91.67	-85.68	-79.48	-73.45
19853.61	-115.54	-109.47	-103.77	-97.69	-91.50	-85.58	-79.42	-73.52
19875.15	-115.54	-109.65	-103.82	-97.38	-91.46	-85.59	-79.46	-73.31
19896.68	-115.62	-109.67	-103.60	-97.32	-91.59	-85.59	-79.65	-73.40
19918.21	-115.64	-109.69	-103.68	-97.67	-91.58	-85.64	-79.70	-73.47
19939.75	-115.73	-109.84	-103.74	-97.65	-91.57	-85.73	-79.55	-73.50
19961.28	-115.71	-109.66	-103.67	-97.53	-91.68	-85.79	-79.54	-73.40
19982.81	-115.84	-109.66	-103.56	-97.32	-91.53	-85.67	-79.62	-73.42
20004.35	-115.39	-109.65	-103.53	-97.48	-91.68	-85.61	-79.71	-73.41
20025.88	-115.60	-109.58	-103.59	-97.54	-91.66	-85.48	-79.61	-73.39
20047.41	-115.95	-109.56	-103.62	-97.55	-91.55	-85.42	-79.80	-73.56
20068.95	-115.78	-109.56	-103.64	-97.56	-91.41	-85.53	-79.73	-73.57
20090.48	-115.81	-109.61	-103.55	-97.54	-91.66	-85.44	-79.66	-73.37
20112.01	-115.76	-109.62	-103.64	-97.63	-91.93	-85.46	-79.60	-73.36
20133.54	-115.42	-109.62	-103.72	-97.59	-91.68	-85.45	-79.67	-73.54
20155.08	-115.42	-109.65	-103.71	-97.58	-91.65	-85.54	-79.49	-73.42
20176.61	-115.62	-109.74	-103.55	-97.56	-91.80	-85.74	-79.55	-73.36
20198.14	-115.57	-109.71	-103.38	-97.59	-91.83	-85.60	-79.55	-73.53
20219.68	-115.42	-109.61	-103.59	-97.62	-91.65	-85.39	-79.57	-73.45
20241.21	-115.52	-109.56	-103.66	-97.58	-91.67	-85.51	-79.45	-73.46
20262.74	-115.52	-109.55	-103.55	-97.36	-91.46	-85.47	-79.75	-73.78
20284.28	-115.35	-109.59	-103.68	-97.45	-91.38	-85.49	-79.45	-73.59
20305.81	-115.42	-109.47	-103.68	-97.37	-91.51	-85.51	-79.46	-73.48
20327.34	-115.41	-109.73	-103.66	-97.39	-91.60	-85.65	-79.60	-73.49
20348.88	-115.41	-109.73	-103.71	-97.44	-91.57	-85.60	-79.58	-73.54
20370.41	-115.62	-109.71	-103.63	-97.42	-91.65	-85.60	-79.53	-73.50
20391.94	-115.63	-109.65	-103.66	-97.52	-91.60	-85.57	-79.39	-73.17
20413.48	-115.68	-109.71	-103.67	-97.60	-91.58	-85.61	-79.39	-73.36
20435.01	-115.57	-109.93	-103.51	-97.56	-91.51	-85.48	-79.69	-73.68
20456.54	-115.56	-109.67	-103.54	-97.56	-91.53	-85.56	-79.72	-73.57
20478.08	-115.59	-109.46	-103.52	-97.68	-91.59	-85.47	-79.57	-73.54
20499.61	-115.69	-109.56	-103.43	-97.67	-91.74	-85.54	-79.46	-73.40
20521.14	-115.72	-109.72	-103.45	-97.75	-91.56	-85.78	-79.47	-73.54
20542.68	-115.63	-109.68	-103.54	-97.63	-91.39	-85.72	-79.43	-73.39
20564.21	-115.54	-109.44	-103.37	-97.51	-91.49	-85.33	-79.61	-73.33
20585.74	-115.43	-109.45	-103.39	-97.64	-91.45	-85.40	-79.52	-73.43
20607.28	-115.50	-109.55	-103.51	-97.65	-91.44	-85.66	-79.59	-73.43
20628.81	-115.61	-109.54	-103.43	-97.62	-91.75	-85.61	-79.56	-73.52
20650.34	-115.47	-109.66	-103.46	-97.70	-91.66	-85.42	-79.52	-73.57
20671.88	-115.56	-109.53	-103.38	-97.71	-91.46	-85.33	-79.53	-73.41
20693.41	-115.84	-109.43	-103.39	-97.58	-91.71	-85.31	-79.36	-73.48
20714.94	-115.73	-109.63	-103.60	-97.63	-91.62	-85.39	-79.25	-73.60
20736.47	-115.47	-109.61	-103.60	-97.60	-91.29	-85.49	-79.26	-73.75
20758.01	-115.49	-109.57	-103.43	-97.67	-91.57	-85.49	-79.54	-73.63
20779.54	-115.75	-109.53	-103.52	-97.52	-91.68	-85.49	-79.70	-73.56
20801.07	-115.60	-109.45	-103.62	-97.44	-91.62	-85.46	-79.59	-73.63
20822.61	-115.28	-109.58	-103.73	-97.63	-91.64	-85.45	-79.48	-73.59
20844.14	-115.37	-109.72	-103.82	-97.48	-91.45	-85.42	-79.58	-73.43
20865.67	-115.72	-109.64	-103.85	-97.42	-91.41	-85.60	-79.45	-73.35
20887.21	-115.83	-109.58	-103.60	-97.54	-91.58	-85.68	-79.36	-73.32
20908.74	-115.70	-109.67	-103.60	-97.70	-91.72	-85.66	-79.49	-73.43
20930.27	-115.40	-109.60	-103.73	-97.50	-91.48	-85.81	-79.47	-73.65
20951.81	-115.22	-109.56	-103.82	-97.65	-91.31	-85.65	-79.40	-73.59
20973.34	-115.15	-109.68	-103.74	-97.62	-91.56	-85.62	-79.66	-73.65
20994.87	-115.45	-109.66	-103.48	-97.74	-91.50	-85.46	-79.65	-73.84
21016.41	-115.76	-109.35	-103.46	-97.73	-91.45	-85.43	-79.53	-73.73
21037.94	-115.75	-109.44	-103.52	-97.66	-91.40	-85.51	-79.52	-73.50
21059.47	-115.55	-109.73	-103.60	-97.53	-91.35	-85.57	-79.40	-73.46
21081.01	-115.40	-109.72	-103.72	-97.54	-91.44	-85.40	-79.30	-73.55
21102.54	-115.45	-109.70	-103.35	-97.32	-91.57	-85.32	-79.61	-73.62
21124.07	-115.44	-109.68	-103.49	-97.48	-91.70	-85.30	-79.73	-73.44
21145.61	-115.47	-109.64	-103.50	-97.55	-91.71	-85.40	-79.44	-73.50
21167.14	-115.52	-109.60	-103.31	-97.53	-91.67	-85.38	-79.54	-73.57
21188.67	-115.65	-109.58	-103.34	-97.58	-91.52	-85.45	-79.53	-73.58
21210.21	-115.79	-109.63	-103.52	-97.43	-91.53	-85.29	-79.50	-73.60
21231.74	-115.73	-109.78	-103.50	-97.37	-91.49	-85.28	-79.51	-73.51
21253.27	-115.72	-109.70	-103.30	-97.24	-91.63	-85.38	-79.48	-73.30
21274.80	-115.53	-109.63	-103.42	-97.37	-91.50	-85.53	-79.34	-73.55
21296.34	-115.47	-109.75	-103.34	-97.56	-91.70	-85.60	-79.55	-73.39
21317.87	-115.46	-109.69	-103.39	-97.64	-91.81	-85.67	-79.59	-73.49
21339.40	-115.51	-109.81	-103.49	-97.70	-91.58	-85.68	-79.70	-73.63
21360.94	-115.53	-109.86	-103.51	-97.70	-91.53	-85.67	-79.54	-73.44
21382.47	-115.63	-109.63	-103.78	-97.43	-91.70	-85.72	-79.52	-73.29
21404.00	-115.62	-109.62	-103.59	-97.26	-91.54	-85.51	-79.59	-73.34
21425.54	-115.83	-109.58	-103.57	-97.38	-91.47	-85.61	-79.68	-73.40
21447.07	-115.67	-109.64	-103.51	-97.53	-91.60	-85.70	-79.65	-73.51
21468.60	-115.60	-109.51	-103.60	-97.71	-91.50	-85.51	-79.69	-73.39
21490.14	-115.58	-109.58	-103.58	-97.54	-91.56	-85.54	-79.59	-73.42
21511.67	-115.60	-109.64	-103.67	-97.56	-91.52	-85.51	-79.59	-73.30
21533.20	-115.66	-109.60	-103.81	-97.48	-91.29	-85.50	-79.60	-73.43
21554.74	-115.74	-109.49	-103.57	-97.41	-91.30	-85.50	-79.66	-73.50
21576.27	-115.79	-109.68	-103.49	-97.61	-91.28	-85.52	-79.67	-73.54
21597.80	-115.62	-109.68	-103.49	-97.58	-91.35	-85.58	-79.52	-73.55
21619.34	-115.55	-109.64	-103.41	-97.45	-91.50	-85.59	-79.29	-73.47
21640.87	-115.62	-109.74	-103.61	-97.46	-91.58	-85.55	-79.30	-73.54
21662.40	-115.72	-109.71	-103.69	-97.47	-91.84	-85.51	-79.55	-73.60
21683.94	-115.69	-109.67	-103.60	-97.63	-91.72	-85.57	-79.53	-73.55
21705.47	-115.76	-109.87	-103.57	-97.75	-91.69	-85.64	-79.71	-73.30
21727.00	-115.57	-109.86	-103.74	-97.73	-91.66	-85.61	-79.41	-73.48
21748.54	-115.65	-109.72	-103.70	-97.93	-91.34	-85.46	-79.40	-73.31
21770.07	-115.65	-109.71	-103.47	-97.88	-91.33	-85.41	-79.68	-73.43
21791.60	-115.58	-109.87	-103.46	-97.92	-91.53	-85.69	-79.58	-73.73
21813.13	-115.42	-109.82	-103.51	-97.75	-91.49	-85.62	-79.50	-73.59
21834.67	-115.54	-109.65	-103.52	-97.63	-91.58	-85.57	-79.58	-73.37
21856.20	-115.65	-109.56	-103.56	-97.56	-91.73	-85.65	-79.62	-73.54
21877.73	-115.65	-109.73	-103.75	-97.73	-91.68	-85.60	-79.54	-73.56
21899.27	-115.68	-109.75	-103.43	-97.52	-91.49	-85.51	-79.42	-73.38
21920.80	-115.71	-109.69	-103.23	-97.50	-91.56	-85.42	-79.37	-73.42
21942.33	-115.80	-109.46	-103.45	-97.56	-91.58	-85.33	-79.40	-73.36
21963.87	-115.70	-109.50	-103.69	-97.51	-91.37	-85.45	-79.41	-73.39
21985.40	-115.76	-109.64	-103.75	-97.61	-91.37	-85.66	-79.39	-73.51
22006.93	-115.70	-109.53	-103.70	-97.53	-91.53	-85.58	-79.39	-73.60
22028.47	-115.53	-109.56	-103.56	-97.67	-91.32	-85.40	-79.40	-73.73
22050.00	nan	nan	nan	nan	nan	nan	nan	nan
