0.00	0.000000000000
5.38	0.000617300484
10.77	0.000585710139
16.15	0.000581489403
21.53	0.000589020816
26.92	0.000575170573
32.30	0.000575380645
37.68	0.000615709469
43.07	0.000603060652
48.45	0.000580014765
53.83	0.000587899046
59.22	0.000582834205
64.60	0.000600092572
69.98	0.000592134769
75.37	0.000580734183
80.75	0.000594201825
86.13	0.000618909640
91.52	0.000826924940
96.90	0.495506915799
102.28	0.995836401141
107.67	0.500334014322
113.05	0.000807837139
118.43	0.000595678820
123.82	0.000586211097
129.20	0.000568844302
134.58	0.000548997595
139.97	0.000564212781
145.35	0.000584847757
150.73	0.000605269111
156.12	0.000625843779
161.50	0.000608725013
166.88	0.000589209417
172.27	0.000590691887
177.65	0.000628553036
183.03	0.000703363084
188.42	0.001298178340
193.80	0.004683303864
199.18	1.135068334403
204.57	2.229217474946
209.95	1.094404687971
215.33	0.004463583488
220.72	0.001255659713
226.10	0.000755311684
231.48	0.000659759594
236.87	0.000585358910
242.25	0.000581105112
247.63	0.000595273213
253.02	0.000612572790
258.40	0.000609747124
263.78	0.000591522131
269.17	0.000566488175
274.55	0.000579406253
279.93	0.000606227787
285.31	0.000610399177
290.70	0.000608236212
296.08	0.000589026417
301.46	0.000581529241
306.85	0.000578450558
312.23	0.000598072316
317.61	0.000575649777
323.00	0.000580203810
328.38	0.000567782993
333.76	0.000570750188
339.15	0.000565146068
344.53	0.000567240084
349.91	0.000587631161
355.30	0.000593143633
360.68	0.000613729533
366.06	0.000578937352
371.45	0.000581776662
376.83	0.000597023930
382.21	0.000601649401
387.60	0.000616789952
392.98	0.000588278147
398.36	0.000589027180
403.75	0.000638117857
409.13	0.000640431481
414.51	0.000590411102
419.90	0.000577626498
425.28	0.000598464401
430.66	0.000622855972
436.05	0.000624392525
441.43	0.000596353729
446.81	0.000583620512
452.20	0.000623950528
457.58	0.000630650853
462.96	0.000626894699
468.35	0.000624659908
473.73	0.000621711663
479.11	0.000609642117
484.50	0.000583735287
489.88	0.000569029117
495.26	0.000598573911
500.65	0.000602884813
506.03	0.000596566165
511.41	0.000610041568
516.80	0.000582334452
522.18	0.000565037263
527.56	0.000563968868
532.95	0.000598407848
538.33	0.000618417540
543.71	0.000584060633
549.10	0.000589683772
554.48	0.000608088438
559.86	0.000603976655
565.25	0.000579617604
570.63	0.000585520050
576.01	0.000598299748
581.40	0.000601683288
586.78	0.000602180318
592.16	0.000595877262
597.55	0.000599147602
602.93	0.000588851711
608.31	0.000577145181
613.70	0.000579230648
619.08	0.000574752272
624.46	0.000574981985
629.85	0.000579697048
635.23	0.000599908418
640.61	0.000620308050
646.00	0.000583010166
651.38	0.000563586309
656.76	0.000573928881
662.15	0.000607147517
667.53	0.000592831087
672.91	0.000576182858
678.30	0.000577409041
683.68	0.000594874259
689.06	0.000619122653
694.45	0.000596970126
699.83	0.000594847643
705.21	0.000590234961
710.60	0.000612684844
715.98	0.000630184939
721.36	0.000600717723
726.75	0.000588817862
732.13	0.000565941054
737.51	0.000547037439
742.90	0.000565979791
748.28	0.000603163338
753.66	0.000607288679
759.05	0.000601428231
764.43	0.000590394019
769.81	0.000587161494
775.20	0.000590143143
780.58	0.000592924201
785.96	0.000573652631
791.35	0.000583432044
796.73	0.000621235877
802.11	0.000596913326
807.50	0.000585536123
812.88	0.000585868936
818.26	0.000579152158
823.65	0.000586366306
829.03	0.000587452552
834.41	0.000606869171
839.79	0.000595133992
845.18	0.000604136594
850.56	0.000600619880
855.94	0.000582309824
861.33	0.000614831905
866.71	0.000613102424
872.09	0.000579181651
877.48	0.000584935444
882.86	0.000597300579
888.24	0.000600550171
893.63	0.000589258078
899.01	0.000592636109
904.39	0.000602778618
909.78	0.000586330657
915.16	0.000599524272
920.54	0.000608211704
925.93	0.000614115894
931.31	0.000597735691
936.69	0.000557150286
942.08	0.000576270953
947.46	0.000589440982
952.84	0.000598243794
958.23	0.000577271282
963.61	0.000561127809
968.99	0.000577145585
974.38	0.000591407959
979.76	0.000600114504
985.14	0.000625040661
990.53	0.000632730107
995.91	0.000597839417
1001.29	0.000580398192
1006.68	0.000577351323
1012.06	0.000583831684
1017.44	0.000582713099
1022.83	0.000608129853
1028.21	0.000622477755
1033.59	0.000580557820
1038.98	0.000603155648
1044.36	0.000620632245
1049.74	0.000583705869
1055.13	0.000594845015
1060.51	0.000578190150
1065.89	0.000592071485
1071.28	0.000586439970
1076.66	0.000574853534
1082.04	0.000614117088
1087.43	0.000599112437
1092.81	0.000569025260
1098.19	0.000591239282
1103.58	0.000620683493
1108.96	0.000608811884
1114.34	0.000578235888
1119.73	0.000566005729
1125.11	0.000570047463
1130.49	0.000575020446
1135.88	0.000581956521
1141.26	0.000571163638
1146.64	0.000588376798
1152.03	0.000606217286
1157.41	0.000621987777
1162.79	0.000603329556
1168.18	0.000596196554
1173.56	0.000595433917
1178.94	0.000603773433
1184.33	0.000581274156
1189.71	0.000592542612
1195.09	0.000600713551
1200.48	0.000606833781
1205.86	0.000596755775
1211.24	0.000585778632
1216.63	0.000596725341
1222.01	0.000602450408
1227.39	0.000591708471
1232.78	0.000592709269
1238.16	0.000587031406
1243.54	0.000584748798
1248.93	0.000591016625
1254.31	0.000626956290
1259.69	0.000610285309
1265.08	0.000573260655
1270.46	0.000596002088
1275.84	0.000635535293
1281.23	0.000626898842
1286.61	0.000583588234
1291.99	0.000589399257
1297.38	0.000603565024
1302.76	0.000614830255
1308.14	0.000618516165
1313.53	0.000607991970
1318.91	0.000600284628
1324.29	0.000604419979
1329.68	0.000589064297
1335.06	0.000602723751
1340.44	0.000603440714
1345.83	0.000598259584
1351.21	0.000606801113
1356.59	0.000600688194
1361.98	0.000592625056
1367.36	0.000588803683
1372.74	0.000587796394
1378.12	0.000594405651
1383.51	0.000625949337
1388.89	0.000622330922
1394.27	0.000612473785
1399.66	0.000587577747
1405.04	0.000600143341
1410.42	0.000609515839
1415.81	0.000595911348
1421.19	0.000579848473
1426.57	0.000566061449
1431.96	0.000581233921
1437.34	0.000592638103
1442.72	0.000606009400
1448.11	0.000595204844
1453.49	0.000576883846
1458.87	0.000564770247
1464.26	0.000578851494
1469.64	0.000583887726
1475.02	0.000582549740
1480.41	0.000603733420
1485.79	0.000815554909
1491.17	0.002376732535
1496.56	0.895555068427
1501.94	1.770824958409
1507.32	0.875362789533
1512.71	0.002274260339
1518.09	0.000795667505
1523.47	0.000631431705
1528.86	0.000608715000
1534.24	0.000589621753
1539.62	0.000590575582
1545.01	0.000567412431
1550.39	0.000564476318
1555.77	0.000610045547
1561.16	0.000612416425
1566.54	0.000610937929
1571.92	0.000610702613
1577.31	0.000597480781
1582.69	0.000579318184
1588.07	0.000584190106
1593.46	0.000568023256
1598.84	0.000571210746
1604.22	0.000585156169
1609.61	0.000594883501
1614.99	0.000580066796
1620.37	0.000606546299
1625.76	0.000590639227
1631.14	0.000553439402
1636.52	0.000567452303
1641.91	0.000593453954
1647.29	0.000589798280
1652.67	0.000597508295
1658.06	0.000581682082
1663.44	0.000579025659
1668.82	0.000597419139
1674.21	0.000607137991
1679.59	0.000618019668
1684.97	0.000597082062
1690.36	0.000620058105
1695.74	0.000602818551
1701.12	0.000594626466
1706.51	0.000608888304
1711.89	0.000599351347
1717.27	0.000609654140
1722.66	0.000614825971
1728.04	0.000620175420
1733.42	0.000598393398
1738.81	0.000605289198
1744.19	0.000635755051
1749.57	0.000595772020
1754.96	0.000576139993
1760.34	0.000586910725
1765.72	0.000570494308
1771.11	0.000570787968
1776.49	0.000607917340
1781.87	0.000601385853
1787.26	0.000605152563
1792.64	0.000592677393
1798.02	0.000585073573
1803.41	0.000601386669
1808.79	0.000609042531
1814.17	0.000598754211
1819.56	0.000565832789
1824.94	0.000593155104
1830.32	0.000631988673
1835.71	0.000616267776
1841.09	0.000605105278
1846.47	0.000607625656
1851.86	0.000593804689
1857.24	0.000598365488
1862.62	0.000585144668
1868.01	0.000612012903
1873.39	0.000606341429
1878.77	0.000591782673
1884.16	0.000627504992
1889.54	0.000618789214
1894.92	0.000618972957
1900.31	0.000600259321
1905.69	0.000599155721
1911.07	0.000596947803
1916.46	0.000600957600
1921.84	0.000608995646
1927.22	0.000613620863
1932.60	0.000578967395
1937.99	0.000579103913
1943.37	0.000566998928
1948.75	0.000575757091
1954.14	0.000559486758
1959.52	0.000579387396
1964.90	0.000587602275
1970.29	0.000589464754
1975.67	0.000575232840
1981.05	0.000572279926
1986.44	0.000581914112
1991.82	0.000582932764
1997.20	0.000587873378
2002.59	0.000607607339
2007.97	0.000601901954
2013.35	0.000598543166
2018.74	0.000597259793
2024.12	0.000579428387
2029.50	0.000562681568
2034.89	0.000587519768
2040.27	0.000606049486
2045.65	0.000605196551
2051.04	0.000614357518
2056.42	0.000592469231
2061.80	0.000602730995
2067.19	0.000604215888
2072.57	0.000625506269
2077.95	0.000598260526
2083.34	0.000563326236
2088.72	0.000560280689
2094.10	0.000583553545
2099.49	0.000582346603
2104.87	0.000563317134
2110.25	0.000580882615
2115.64	0.000584246754
2121.02	0.000588785528
2126.40	0.000573037501
2131.79	0.000577619987
2137.17	0.000563625370
2142.55	0.000588614938
2147.94	0.000590791612
2153.32	0.000574285048
2158.70	0.000592125727
2164.09	0.000582694707
2169.47	0.000602866062
2174.85	0.000599443615
2180.24	0.000573891730
2185.62	0.000560336612
2191.00	0.000582214926
2196.39	0.000616693650
2201.77	0.000601184471
2207.15	0.000602464138
2212.54	0.000611994545
2217.92	0.000589330285
2223.30	0.000603683132
2228.69	0.000602889346
2234.07	0.000579507621
2239.45	0.000592103244
2244.84	0.000596746529
2250.22	0.000613884739
2255.60	0.000581317846
2260.99	0.000586167920
2266.37	0.000595233488
2271.75	0.000595101419
2277.14	0.000608141443
2282.52	0.000602807755
2287.90	0.000570951243
2293.29	0.000597530925
2298.67	0.000583497305
2304.05	0.000580258717
2309.44	0.000563604975
2314.82	0.000582337548
2320.20	0.000594828246
2325.59	0.000593448947
2330.97	0.000589108877
2336.35	0.000618713179
2341.74	0.000606080235
2347.12	0.000600908557
2352.50	0.000613865639
2357.89	0.000616582082
2363.27	0.000596138903
2368.65	0.000593167872
2374.04	0.000602147321
2379.42	0.000604377589
2384.80	0.000586455861
2390.19	0.000581668635
2395.57	0.000593810826
2400.95	0.000601079214
2406.34	0.000608084737
2411.72	0.000584736485
2417.10	0.000577621106
2422.49	0.000563712805
2427.87	0.000537204800
2433.25	0.000553671229
2438.64	0.000577066517
2444.02	0.000569660642
2449.40	0.000590122039
2454.79	0.000628163008
2460.17	0.000603661282
2465.55	0.000593492870
2470.94	0.000613980442
2476.32	0.000598076837
2481.70	0.000598644129
2487.08	0.000594036371
2492.47	0.000606162922
2497.85	0.000609639253
2503.23	0.000593315676
2508.62	0.000591703368
2514.00	0.000597548297
2519.38	0.000581009589
2524.77	0.000589352126
2530.15	0.000569685084
2535.53	0.000573387876
2540.92	0.000579989998
2546.30	0.000564691092
2551.68	0.000563778671
2557.07	0.000590596023
2562.45	0.000566837757
2567.83	0.000559947408
2573.22	0.000608370867
2578.60	0.000609110035
2583.98	0.000620455195
2589.37	0.000590422511
2594.75	0.000560147919
2600.13	0.000564794770
2605.52	0.000590231981
2610.90	0.000611471773
2616.28	0.000579584871
2621.67	0.000562475838
2627.05	0.000580178611
2632.43	0.000583879436
2637.82	0.000598153582
2643.20	0.000599228492
2648.58	0.000593078677
2653.97	0.000605175499
2659.35	0.000607235200
2664.73	0.000591489134
2670.12	0.000590869763
2675.50	0.000612999857
2680.88	0.000585371553
2686.27	0.000593353819
2691.65	0.000584554553
2697.03	0.000595969414
2702.42	0.000621555225
2707.80	0.000589850569
2713.18	0.000613752845
2718.57	0.000638594029
2723.95	0.000616493260
2729.33	0.000591045756
2734.72	0.000570586131
2740.10	0.000578607244
2745.48	0.000600891620
2750.87	0.000623071763
2756.25	0.000625485800
2761.63	0.000605141236
2767.02	0.000608800985
2772.40	0.000613621202
2777.78	0.000592606620
2783.17	0.000606727444
2788.55	0.000611037439
2793.93	0.000598409719
2799.32	0.000620967724
2804.70	0.000591083306
2810.08	0.000603489303
2815.47	0.000581559519
2820.85	0.000578767813
2826.23	0.000590981801
2831.62	0.000583963244
2837.00	0.000560506812
2842.38	0.000566301038
2847.77	0.000587104093
2853.15	0.000603953859
2858.53	0.000571595015
2863.92	0.000583495372
2869.30	0.000614519578
2874.68	0.000603251907
2880.07	0.000588129855
2885.45	0.000585383212
2890.83	0.000611601781
2896.22	0.000613735533
2901.60	0.000591384586
2906.98	0.000601971050
2912.37	0.000587306011
2917.75	0.000570005069
2923.13	0.000611625893
2928.52	0.000599515524
2933.90	0.000606791208
2939.28	0.000599396892
2944.67	0.000601923748
2950.05	0.000584822869
2955.43	0.000566060830
2960.82	0.000606281522
2966.20	0.000596128603
2971.58	0.000572237904
2976.97	0.000589207795
2982.35	0.000612199619
2987.73	0.000723098697
2993.12	0.001909882240
2998.50	0.360543762528
3003.88	0.704903725583
3009.27	0.344497748250
3014.65	0.001800876524
3020.03	0.000741443159
3025.42	0.000621717329
3030.80	0.000602440078
3036.18	0.000606221998
3041.56	0.000575552028
3046.95	0.000604482489
3052.33	0.000600763495
3057.71	0.000597693578
3063.10	0.000589003787
3068.48	0.000590530004
3073.86	0.000592337019
3079.25	0.000603899632
3084.63	0.000608273758
3090.01	0.000619298370
3095.40	0.000605829345
3100.78	0.000587238957
3106.16	0.000565973971
3111.55	0.000559493531
3116.93	0.000564927874
3122.31	0.000584263110
3127.70	0.000574385606
3133.08	0.000570834700
3138.46	0.000576387639
3143.85	0.000569446336
3149.23	0.000561775094
3154.61	0.000575011864
3160.00	0.000602211533
3165.38	0.000607396721
3170.76	0.000606748506
3176.15	0.000587914227
3181.53	0.000627224074
3186.91	0.000622423135
3192.30	0.000572001716
3197.68	0.000570767336
3203.06	0.000570467671
3208.45	0.000572332247
3213.83	0.000592213211
3219.21	0.000588033002
3224.60	0.000574208252
3229.98	0.000565536173
3235.36	0.000555677195
3240.75	0.000574529598
3246.13	0.000578349158
3251.51	0.000592417702
3256.90	0.000625442723
3262.28	0.000579280040
3267.66	0.000586520363
3273.05	0.000571169761
3278.43	0.000552513455
3283.81	0.000567371684
3289.20	0.000582506998
3294.58	0.000609292402
3299.96	0.000626603647
3305.35	0.000612445555
3310.73	0.000599758785
3316.11	0.000584838191
3321.50	0.000565806273
3326.88	0.000576761484
3332.26	0.000597954695
3337.65	0.000609398240
3343.03	0.000610460910
3348.41	0.000607943939
3353.80	0.000582232280
3359.18	0.000582368009
3364.56	0.000593362485
3369.95	0.000605716843
3375.33	0.000617142663
3380.71	0.000625732137
3386.10	0.000624169172
3391.48	0.000603087992
3396.86	0.000593485259
3402.25	0.000584815303
3407.63	0.000585249559
3413.01	0.000582474749
3418.40	0.000584777698
3423.78	0.000582163227
3429.16	0.000580547677
3434.55	0.000576635801
3439.93	0.000596095768
3445.31	0.000596666909
3450.70	0.000596338372
3456.08	0.000591502269
3461.46	0.000554053483
3466.85	0.000592152272
3472.23	0.000596515447
3477.61	0.000585532720
3483.00	0.000600714509
3488.38	0.000580136549
3493.76	0.000576603101
3499.15	0.000573590974
3504.53	0.000585421813
3509.91	0.000595687044
3515.30	0.000587495632
3520.68	0.000603477602
3526.06	0.000618185334
3531.45	0.000617079759
3536.83	0.000588285285
3542.21	0.000580404989
3547.60	0.000565352802
3552.98	0.000569575987
3558.36	0.000581075229
3563.75	0.000592113476
3569.13	0.000581709248
3574.51	0.000578523128
3579.90	0.000570113944
3585.28	0.000575635921
3590.66	0.000597615481
3596.04	0.000602586609
3601.43	0.000598855574
3606.81	0.000609175365
3612.19	0.000592915269
3617.58	0.000588972945
3622.96	0.000583440426
3628.34	0.000569954149
3633.73	0.000597115115
3639.11	0.000621017135
3644.49	0.000588017810
3649.88	0.000581011012
3655.26	0.000575292706
3660.64	0.000578293022
3666.03	0.000613145185
3671.41	0.000618600756
3676.79	0.000614727464
3682.18	0.000599208316
3687.56	0.000617499442
3692.94	0.000577801944
3698.33	0.000573045054
3703.71	0.000617155891
3709.09	0.000623757115
3714.48	0.000599641732
3719.86	0.000602574083
3725.24	0.000592556344
3730.63	0.000559780837
3736.01	0.000575492190
3741.39	0.000589924424
3746.78	0.000599066765
3752.16	0.000571817667
3757.54	0.000580237989
3762.93	0.000571163969
3768.31	0.000572500178
3773.69	0.000569277854
3779.08	0.000587355633
3784.46	0.000597020082
3789.84	0.000605715140
3795.23	0.000591427425
3800.61	0.000589258174
3805.99	0.000606258044
3811.38	0.000608162387
3816.76	0.000580810328
3822.14	0.000550277804
3827.53	0.000562003782
3832.91	0.000580143913
3838.29	0.000597709665
3843.68	0.000602505198
3849.06	0.000619732451
3854.44	0.000603111418
3859.83	0.000573191030
3865.21	0.000579090749
3870.59	0.000603508785
3875.98	0.000595567546
3881.36	0.000615949356
3886.74	0.000616861198
3892.13	0.000598902869
3897.51	0.000606284744
3902.89	0.000588702728
3908.28	0.000573573553
3913.66	0.000578290801
3919.04	0.000585550529
3924.43	0.000602561850
3929.81	0.000583487125
3935.19	0.000569667523
3940.58	0.000573770882
3945.96	0.000588260293
3951.34	0.000591636109
3956.73	0.000592663907
3962.11	0.000578462448
3967.49	0.000561226595
3972.88	0.000581017031
3978.26	0.000612841926
3983.64	0.000572342088
3989.03	0.000571417658
3994.41	0.000566935454
3999.79	0.000597271326
4005.18	0.000595252775
4010.56	0.000626900088
4015.94	0.000605029639
4021.33	0.000600533112
4026.71	0.000609680292
4032.09	0.000632478893
4037.48	0.000616042853
4042.86	0.000614313606
4048.24	0.000579920755
4053.63	0.000586334376
4059.01	0.000574040345
4064.39	0.000584767851
4069.78	0.000613142748
4075.16	0.000595176301
4080.54	0.000586624799
4085.93	0.000578765873
4091.31	0.000558033215
4096.69	0.000585413439
4102.08	0.000600241221
4107.46	0.000599508646
4112.84	0.000568022140
4118.23	0.000567386257
4123.61	0.000579430300
4128.99	0.000576537826
4134.38	0.000599400142
4139.76	0.000597258653
4145.14	0.000621274669
4150.52	0.000590337089
4155.91	0.000573527438
4161.29	0.000588875140
4166.67	0.000604134599
4172.06	0.000615180979
4177.44	0.000591611725
4182.82	0.000583365199
4188.21	0.000581984009
4193.59	0.000602152067
4198.97	0.000581853517
4204.36	0.000586583185
4209.74	0.000578618658
4215.12	0.000593289421
4220.51	0.000588043957
4225.89	0.000583378803
4231.27	0.000605316141
4236.66	0.000605648064
4242.04	0.000590562500
4247.42	0.000605435585
4252.81	0.000595385045
4258.19	0.000601879895
4263.57	0.000594732904
4268.96	0.000585206254
4274.34	0.000575586563
4279.72	0.000578538835
4285.11	0.000606794703
4290.49	0.000637096789
4295.87	0.000616195316
4301.26	0.000606340667
4306.64	0.000586768989
4312.02	0.000557901972
4317.41	0.000575941508
4322.79	0.000581603564
4328.17	0.000587971609
4333.56	0.000598998634
4338.94	0.000599098037
4344.32	0.000576207464
4349.71	0.000576653605
4355.09	0.000594601217
4360.47	0.000602480385
4365.86	0.000602014969
4371.24	0.000614234211
4376.62	0.000610140697
4382.01	0.000605566453
4387.39	0.000600087387
4392.77	0.000603818509
4398.16	0.000586373801
4403.54	0.000560802953
4408.92	0.000568266750
4414.31	0.000575171288
4419.69	0.000574299677
4425.07	0.000580809671
4430.46	0.000596897737
4435.84	0.000588130985
4441.22	0.000628277230
4446.61	0.000606979518
4451.99	0.000599897923
4457.37	0.000616413744
4462.76	0.000619842489
4468.14	0.000609271774
4473.52	0.000601390537
4478.91	0.000616506950
4484.29	0.000590845250
4489.67	0.000599159394
4495.06	0.000582906056
4500.44	0.000571842317
4505.82	0.000579042681
4511.21	0.000582025441
4516.59	0.000576043064
4521.97	0.000591467595
4527.36	0.000579796605
4532.74	0.000574530430
4538.12	0.000596672608
4543.51	0.000607506340
4548.89	0.000585029035
4554.27	0.000579690818
4559.66	0.000586665485
4565.04	0.000620762852
4570.42	0.000603483680
4575.81	0.000567445636
4581.19	0.000573490861
4586.57	0.000577195735
4591.96	0.000573873334
4597.34	0.000578073912
4602.72	0.000596732580
4608.11	0.000598006553
4613.49	0.000574567539
4618.87	0.000611181296
4624.26	0.000639469208
4629.64	0.000592370054
4635.02	0.000576341062
4640.41	0.000573755322
4645.79	0.000591264285
4651.17	0.000621169018
4656.56	0.000637139710
4661.94	0.000618736824
4667.32	0.000583416082
4672.71	0.000582429201
4678.09	0.000589368602
4683.47	0.000585883708
4688.85	0.000588563438
4694.24	0.000599467863
4699.62	0.000587097547
4705.00	0.000563723936
4710.39	0.000597121952
4715.77	0.000614029896
4721.15	0.000588681754
4726.54	0.000582710057
4731.92	0.000589140151
4737.30	0.000582854328
4742.69	0.000596324782
4748.07	0.000591841173
4753.45	0.000610047517
4758.84	0.000633106373
4764.22	0.000629755742
4769.60	0.000618555320
4774.99	0.000598563518
4780.37	0.000597929088
4785.75	0.000603527802
4791.14	0.000568752363
4796.52	0.000580494619
4801.90	0.000598654723
4807.29	0.000587637243
4812.67	0.000613957461
4818.05	0.000632310850
4823.44	0.000619492614
4828.82	0.000587019877
4834.20	0.000567226626
4839.59	0.000555797222
4844.97	0.000578273105
4850.35	0.000591696577
4855.74	0.000588576670
4861.12	0.000612193555
4866.50	0.000605522825
4871.89	0.000584125073
4877.27	0.000574903820
4882.65	0.000607494213
4888.04	0.000610242681
4893.42	0.000591291869
4898.80	0.000595849229
4904.19	0.000606950571
4909.57	0.000582974246
4914.95	0.000573916606
4920.34	0.000586190260
4925.72	0.000574981125
4931.10	0.000577442245
4936.49	0.000578855268
4941.87	0.000588031241
4947.25	0.000584560820
4952.64	0.000600427822
4958.02	0.000588825927
4963.40	0.000586816076
4968.79	0.000594202500
4974.17	0.000602590115
4979.55	0.000600189280
4984.94	0.000587977133
4990.32	0.000605226192
4995.70	0.000594463543
5001.09	0.000559388001
5006.47	0.000573852124
5011.85	0.000589374121
5017.24	0.000612978433
5022.62	0.000591874824
5028.00	0.000579719659
5033.39	0.000573336726
5038.77	0.000564855080
5044.15	0.000561553051
5049.54	0.000594704831
5054.92	0.000588536452
5060.30	0.000573559290
5065.69	0.000593706646
5071.07	0.000597188878
5076.45	0.000580593184
5081.84	0.000570776811
5087.22	0.000579984279
5092.60	0.000583390349
5097.99	0.000596188511
5103.37	0.000580464852
5108.75	0.000600074480
5114.14	0.000604781072
5119.52	0.000601225859
5124.90	0.000587300367
5130.29	0.000576892225
5135.67	0.000595073868
5141.05	0.000615487762
5146.44	0.000609994127
5151.82	0.000594703878
5157.20	0.000577665967
5162.59	0.000599604316
5167.97	0.000603645443
5173.35	0.000596053015
5178.74	0.000622021719
5184.12	0.000608101058
5189.50	0.000581479617
5194.89	0.000579667460
5200.27	0.000572880554
5205.65	0.000561419932
5211.04	0.000561157184
5216.42	0.000585765401
5221.80	0.000594094823
5227.19	0.000572401099
5232.57	0.000573668009
5237.95	0.000572288377
5243.33	0.000567145268
5248.72	0.000571115227
5254.10	0.000585369953
5259.48	0.000585464584
5264.87	0.000594294949
5270.25	0.000604543593
5275.63	0.000582387381
5281.02	0.000584488299
5286.40	0.000592249698
5291.78	0.000579727895
5297.17	0.000595087267
5302.55	0.000576689683
5307.93	0.000582279059
5313.32	0.000606985947
5318.70	0.000605561430
5324.08	0.000596186151
5329.47	0.000601342025
5334.85	0.000597381759
5340.23	0.000591105686
5345.62	0.000598791311
5351.00	0.000598245468
5356.38	0.000614241073
5361.77	0.000618649980
5367.15	0.000613860966
5372.53	0.000616133264
5377.92	0.000585314947
5383.30	0.000584021318
5388.68	0.000606224463
5394.07	0.000591415570
5399.45	0.000590268947
5404.83	0.000608313899
5410.22	0.000599407910
5415.60	0.000601188085
5420.98	0.000588169915
5426.37	0.000578420487
5431.75	0.000570347147
5437.13	0.000566252215
5442.52	0.000591884440
5447.90	0.000601843829
5453.28	0.000582925334
5458.67	0.000589598168
5464.05	0.000599836555
5469.43	0.000572198785
5474.82	0.000588495746
5480.20	0.000574745754
5485.58	0.000574122801
5490.97	0.000592262331
5496.35	0.000601877408
5501.73	0.000600759708
5507.12	0.000589939781
5512.50	0.000588302577
5517.88	0.000580582900
5523.27	0.000578872481
5528.65	0.000572980117
5534.03	0.000601346103
5539.42	0.000601183259
5544.80	0.000592603275
5550.18	0.000608376301
5555.57	0.000597549355
5560.95	0.000603077907
5566.33	0.000600313142
5571.72	0.000569407184
5577.10	0.000604357932
5582.48	0.000617620042
5587.87	0.000603311946
5593.25	0.000600579877
5598.63	0.000581280616
5604.02	0.000607638138
5609.40	0.000596281560
5614.78	0.000585909269
5620.17	0.000606013086
5625.55	0.000590071733
5630.93	0.000599645090
5636.32	0.000597856797
5641.70	0.000599140727
5647.08	0.000609395754
5652.47	0.000608338346
5657.85	0.000573777450
5663.23	0.000574121968
5668.62	0.000580553881
5674.00	0.000598392632
5679.38	0.000609419285
5684.77	0.000598022341
5690.15	0.000589310201
5695.53	0.000575808023
5700.92	0.000618111861
5706.30	0.000595744244
5711.68	0.000593833812
5717.07	0.000602438099
5722.45	0.000588508055
5727.83	0.000588906406
5733.22	0.000587063424
5738.60	0.000628147513
5743.98	0.000627221727
5749.37	0.000574546027
5754.75	0.000548924728
5760.13	0.000597567456
5765.52	0.000613266921
5770.90	0.000609347546
5776.28	0.000618488556
5781.67	0.000611737750
5787.05	0.000606351637
5792.43	0.000582731896
5797.81	0.000614348436
5803.20	0.000624132492
5808.58	0.000582204422
5813.96	0.000580497598
5819.35	0.000592773901
5824.73	0.000585591857
5830.11	0.000574382670
5835.50	0.000563785403
5840.88	0.000592918924
5846.26	0.000602700728
5851.65	0.000611590446
5857.03	0.000599448735
5862.41	0.000597754179
5867.80	0.000635936095
5873.18	0.000625320092
5878.56	0.000598295241
5883.95	0.000550741028
5889.33	0.000567796716
5894.71	0.000606639152
5900.10	0.000610233303
5905.48	0.000602260151
5910.86	0.000595174689
5916.25	0.000609714069
5921.63	0.000596637310
5927.01	0.000603969870
5932.40	0.000614436941
5937.78	0.000617925513
5943.16	0.000607296423
5948.55	0.000611040142
5953.93	0.000593311288
5959.31	0.000610402774
5964.70	0.000603023429
5970.08	0.000635944728
5975.46	0.000616082823
5980.85	0.000612198552
5986.23	0.000600136252
5991.61	0.000583563765
5997.00	0.000588436887
6002.38	0.000582728710
6007.76	0.000596961756
6013.15	0.000575531829
6018.53	0.000542157524
6023.91	0.000561773847
6029.30	0.000590395463
6034.68	0.000587677418
6040.06	0.000586383345
6045.45	0.000571661172
6050.83	0.000605795588
6056.21	0.000605590092
6061.60	0.000587649902
6066.98	0.000597357080
6072.36	0.000590953476
6077.75	0.000577016079
6083.13	0.000594296750
6088.51	0.000595686048
6093.90	0.000604266094
6099.28	0.000598522589
6104.66	0.000556883704
6110.05	0.000570771836
6115.43	0.000571315023
6120.81	0.000581124665
6126.20	0.000592366491
6131.58	0.000595402555
6136.96	0.000579755146
6142.35	0.000585493111
6147.73	0.000569575076
6153.11	0.000613701439
6158.50	0.000617947992
6163.88	0.000630550910
6169.26	0.000618797332
6174.65	0.000591074246
6180.03	0.000601144002
6185.41	0.000582912370
6190.80	0.000570868691
6196.18	0.000577944834
6201.56	0.000574786124
6206.95	0.000556432685
6212.33	0.000573420269
6217.71	0.000574468824
6223.10	0.000585783817
6228.48	0.000611991854
6233.86	0.000597821742
6239.25	0.000587862198
6244.63	0.000594116943
6250.01	0.000555682003
6255.40	0.000572641838
6260.78	0.000597016593
6266.16	0.000593724608
6271.55	0.000609384086
6276.93	0.000615345053
6282.31	0.000595521474
6287.70	0.000623923351
6293.08	0.000629758095
6298.46	0.000615744901
6303.85	0.000570062323
6309.23	0.000556740765
6314.61	0.000575214829
6320.00	0.000565425025
6325.38	0.000589195721
6330.76	0.000620213078
6336.15	0.000607721790
6341.53	0.000588217016
6346.91	0.000596332354
6352.29	0.000587519279
6357.68	0.000579881907
6363.06	0.000601732605
6368.44	0.000606441482
6373.83	0.000574615518
6379.21	0.000575102207
6384.59	0.000579690129
6389.98	0.000563195211
6395.36	0.000584248264
6400.74	0.000598415055
6406.13	0.000609641286
6411.51	0.000609257511
6416.89	0.000595935107
6422.28	0.000575805435
6427.66	0.000600580263
6433.04	0.000581517484
6438.43	0.000552828849
6443.81	0.000552801980
6449.19	0.000575031013
6454.58	0.000610436184
6459.96	0.000615650449
6465.34	0.000593139780
6470.73	0.000600064967
6476.11	0.000622056278
6481.49	0.000615528802
6486.88	0.000573292553
6492.26	0.000587922246
6497.64	0.000590081332
6503.03	0.000576169687
6508.41	0.000579203318
6513.79	0.000586877641
6519.18	0.000602992579
6524.56	0.000600935272
6529.94	0.000594872336
6535.33	0.000603507612
6540.71	0.000600561359
6546.09	0.000619572491
6551.48	0.000582430588
6556.86	0.000553104728
6562.24	0.000549538454
6567.63	0.000541977806
6573.01	0.000570883851
6578.39	0.000595489963
6583.78	0.000590210170
6589.16	0.000571661636
6594.54	0.000572646144
6599.93	0.000601530585
6605.31	0.000579752341
6610.69	0.000593027284
6616.08	0.000595844611
6621.46	0.000600241139
6626.84	0.000589392528
6632.23	0.000588712073
6637.61	0.000583080428
6642.99	0.000586468792
6648.38	0.000585173935
6653.76	0.000597350945
6659.14	0.000585809670
6664.53	0.000571587744
6669.91	0.000568818520
6675.29	0.000620496242
6680.68	0.000628441374
6686.06	0.000616378239
6691.44	0.000605881308
6696.83	0.000578005190
6702.21	0.000564737471
6707.59	0.000580850795
6712.98	0.000593985891
6718.36	0.000590622383
6723.74	0.000604815974
6729.13	0.000618764274
6734.51	0.000583650588
6739.89	0.000574447906
6745.28	0.000597152712
6750.66	0.000612886782
6756.04	0.000612339204
6761.43	0.000622598039
6766.81	0.000605778956
6772.19	0.000586747440
6777.58	0.000587701879
6782.96	0.000602578588
6788.34	0.000612598443
6793.73	0.000595865273
6799.11	0.000622629257
6804.49	0.000599116828
6809.88	0.000585993860
6815.26	0.000577952897
6820.64	0.000591797210
6826.03	0.000601109561
6831.41	0.000598429917
6836.79	0.000593597303
6842.18	0.000590980935
6847.56	0.000573380418
6852.94	0.000584033236
6858.33	0.000578355803
6863.71	0.000581546261
6869.09	0.000601128098
6874.48	0.000620586893
6879.86	0.000602763024
6885.24	0.000595764610
6890.62	0.000594411963
6896.01	0.000611639418
6901.39	0.000621976255
6906.77	0.000607928636
6912.16	0.000605783636
6917.54	0.000581899398
6922.92	0.000590311494
6928.31	0.000587923182
6933.69	0.000602293086
6939.07	0.000578709112
6944.46	0.000584791352
6949.84	0.000574411533
6955.22	0.000571644730
6960.61	0.000566954562
6965.99	0.000595866848
6971.37	0.000579635202
6976.76	0.000550259947
6982.14	0.000594441071
6987.52	0.000605135296
6992.91	0.000589480802
6998.29	0.000579950835
7003.67	0.000590615238
7009.06	0.000577368277
7014.44	0.000547547772
7019.82	0.000554929692
7025.21	0.000592507603
7030.59	0.000576014575
7035.97	0.000617580007
7041.36	0.000604206028
7046.74	0.000577677141
7052.12	0.000585673605
7057.51	0.000621952329
7062.89	0.000595465853
7068.27	0.000587282483
7073.66	0.000586942686
7079.04	0.000602913971
7084.42	0.000590918347
7089.81	0.000560880723
7095.19	0.000562243269
7100.57	0.000615224741
7105.96	0.000594914563
7111.34	0.000583391818
7116.72	0.000594633220
7122.11	0.000589932032
7127.49	0.000579855071
7132.87	0.000581702010
7138.26	0.000612190060
7143.64	0.000609674013
7149.02	0.000576636952
7154.41	0.000568057552
7159.79	0.000588837778
7165.17	0.000591528091
7170.56	0.000574316549
7175.94	0.000557678867
7181.32	0.000573225676
7186.71	0.000598645896
7192.09	0.000600067675
7197.47	0.000589717811
7202.86	0.000587773283
7208.24	0.000574485975
7213.62	0.000566738074
7219.01	0.000587994649
7224.39	0.000589559848
7229.77	0.000562041532
7235.16	0.000578237849
7240.54	0.000624561402
7245.92	0.000608160304
7251.31	0.000588573550
7256.69	0.000566362129
7262.07	0.000566133414
7267.46	0.000577303158
7272.84	0.000601446257
7278.22	0.000626156910
7283.61	0.000593966535
7288.99	0.000574860500
7294.37	0.000595852512
7299.76	0.000608350787
7305.14	0.000612579041
7310.52	0.000606210792
7315.91	0.000588616547
7321.29	0.000574802145
7326.67	0.000576616657
7332.06	0.000572354233
7337.44	0.000562134076
7342.82	0.000611453947
7348.21	0.000590106940
7353.59	0.000589915716
7358.97	0.000563149592
7364.36	0.000576346002
7369.74	0.000622081338
7375.12	0.000620778247
7380.51	0.000600672367
7385.89	0.000585981591
7391.27	0.000563829068
7396.66	0.000583273380
7402.04	0.000592057671
7407.42	0.000599547969
7412.81	0.000611399770
7418.19	0.000620389799
7423.57	0.000598001410
7428.96	0.000578001952
7434.34	0.000593035138
7439.72	0.000571018978
7445.10	0.000552825199
7450.49	0.000586060623
7455.87	0.000602814540
7461.25	0.000592638593
7466.64	0.000594703173
7472.02	0.000578223192
7477.40	0.000593978102
7482.79	0.000583237425
7488.17	0.000563436875
7493.55	0.000576925322
7498.94	0.000610896876
7504.32	0.000615863902
7509.70	0.000580637018
7515.09	0.000595605048
7520.47	0.000598586908
7525.85	0.000604838530
7531.24	0.000616919611
7536.62	0.000586366558
7542.00	0.000586908662
7547.39	0.000576668188
7552.77	0.000613002976
7558.15	0.000605410388
7563.54	0.000599849483
7568.92	0.000612305473
7574.30	0.000609777685
7579.69	0.000607550858
7585.07	0.000610051439
7590.45	0.000616936576
7595.84	0.000623720027
7601.22	0.000639741452
7606.60	0.000610767083
7611.99	0.000569270085
7617.37	0.000578354623
7622.75	0.000574616916
7628.14	0.000590077917
7633.52	0.000614892635
7638.90	0.000601555134
7644.29	0.000573010073
7649.67	0.000569845516
7655.05	0.000584942059
7660.44	0.000578410607
7665.82	0.000578965829
7671.20	0.000605337891
7676.59	0.000608120128
7681.97	0.000616179159
7687.35	0.000591219087
7692.74	0.000596608316
7698.12	0.000595036649
7703.50	0.000589404381
7708.89	0.000601639006
7714.27	0.000591952986
7719.65	0.000601030252
7725.04	0.000612569496
7730.42	0.000589936022
7735.80	0.000592540844
7741.19	0.000591514572
7746.57	0.000574310114
7751.95	0.000567105892
7757.34	0.000566013143
7762.72	0.000579190135
7768.10	0.000584432569
7773.49	0.000597225193
7778.87	0.000605853104
7784.25	0.000598594444
7789.64	0.000600573640
7795.02	0.000582958519
7800.40	0.000586109724
7805.79	0.000631960248
7811.17	0.000590793301
7816.55	0.000583930903
7821.94	0.000579864577
7827.32	0.000577396891
7832.70	0.000582054469
7838.09	0.000572576534
7843.47	0.000577510935
7848.85	0.000594555067
7854.24	0.000581298163
7859.62	0.000593231497
7865.00	0.000590984304
7870.39	0.000589184579
7875.77	0.000614534614
7881.15	0.000614501993
7886.54	0.000584854231
7891.92	0.000581703190
7897.30	0.000567138196
7902.69	0.000607889762
7908.07	0.000612529910
7913.45	0.000582441225
7918.84	0.000571815142
7924.22	0.000567447345
7929.60	0.000602529776
7934.99	0.000600035288
7940.37	0.000585652504
7945.75	0.000594777302
7951.14	0.000588044509
7956.52	0.000592833479
7961.90	0.000602621212
7967.29	0.000603887222
7972.67	0.000594107631
7978.05	0.000595884685
7983.44	0.000601961778
7988.82	0.000603841936
7994.20	0.000582568948
7999.58	0.000591590959
8004.97	0.000591557465
8010.35	0.000585603676
8015.73	0.000598371272
8021.12	0.000615721140
8026.50	0.000586346752
8031.88	0.000571613716
8037.27	0.000569087756
8042.65	0.000579790527
8048.03	0.000586518870
8053.42	0.000594619884
8058.80	0.000591553938
8064.18	0.000587795161
8069.57	0.000583747159
8074.95	0.000590896906
8080.33	0.000584280862
8085.72	0.000599463391
8091.10	0.000604418888
8096.48	0.000578833440
8101.87	0.000575086084
8107.25	0.000563268083
8112.63	0.000583445808
8118.02	0.000585307936
8123.40	0.000583203611
8128.78	0.000621196124
8134.17	0.000623094879
8139.55	0.000607610105
8144.93	0.000577345784
8150.32	0.000588109308
8155.70	0.000588444344
8161.08	0.000591558128
8166.47	0.000600946126
8171.85	0.000597193469
8177.23	0.000600493303
8182.62	0.000595425495
8188.00	0.000591177794
8193.38	0.000584400928
8198.77	0.000605723169
8204.15	0.000608178342
8209.53	0.000618985978
8214.92	0.000643562597
8220.30	0.000635757439
8225.68	0.000593739694
8231.07	0.000584131176
8236.45	0.000587570656
8241.83	0.000587035504
8247.22	0.000575678238
8252.60	0.000553008855
8257.98	0.000610835327
8263.37	0.000599071469
8268.75	0.000583928844
8274.13	0.000606445833
8279.52	0.000597748657
8284.90	0.000599619947
8290.28	0.000591515319
8295.67	0.000583052746
8301.05	0.000595755110
8306.43	0.000602249617
8311.82	0.000611246842
8317.20	0.000620241649
8322.58	0.000627372837
8327.97	0.000613012673
8333.35	0.000604937604
8338.73	0.000601611146
8344.12	0.000593758296
8349.50	0.000585601163
8354.88	0.000592423492
8360.27	0.000612147757
8365.65	0.000625354256
8371.03	0.000571142457
8376.42	0.000585356525
8381.80	0.000577678342
8387.18	0.000568740195
8392.57	0.000608852733
8397.95	0.000607641213
8403.33	0.000594300931
8408.72	0.000603139593
8414.10	0.000576873047
8419.48	0.000568136043
8424.87	0.000580823029
8430.25	0.000592016075
8435.63	0.000586947926
8441.02	0.000573711989
8446.40	0.000571562812
8451.78	0.000580949741
8457.17	0.000586608053
8462.55	0.000578327752
8467.93	0.000599995008
8473.32	0.000648155587
8478.70	0.000620589739
8484.08	0.000574737148
8489.47	0.000568815209
8494.85	0.000572972819
8500.23	0.000552998155
8505.62	0.000573375619
8511.00	0.000572591814
8516.38	0.000605089195
8521.77	0.000601494529
8527.15	0.000590602742
8532.53	0.000574044963
8537.92	0.000590860905
8543.30	0.000614260227
8548.68	0.000588076778
8554.06	0.000563368160
8559.45	0.000583564812
8564.83	0.000599429587
8570.21	0.000584449615
8575.60	0.000591375975
8580.98	0.000589117792
8586.36	0.000596456481
8591.75	0.000596339813
8597.13	0.000566984463
8602.51	0.000545014946
8607.90	0.000575594733
8613.28	0.000597730375
8618.66	0.000596968581
8624.05	0.000601485174
8629.43	0.000604052121
8634.81	0.000596851877
8640.20	0.000608947414
8645.58	0.000627620034
8650.96	0.000605862181
8656.35	0.000580550064
8661.73	0.000590134130
8667.11	0.000592221981
8672.50	0.000632507209
8677.88	0.000597543388
8683.26	0.000567350471
8688.65	0.000568751633
8694.03	0.000567290146
8699.41	0.000612312379
8704.80	0.000593825752
8710.18	0.000588215679
8715.56	0.000613042911
8720.95	0.000593354528
8726.33	0.000595813791
8731.71	0.000591888214
8737.10	0.000612625198
8742.48	0.000605221585
8747.86	0.000581286233
8753.25	0.000585697157
8758.63	0.000611714485
8764.01	0.000619619232
8769.40	0.000604973918
8774.78	0.000593612154
8780.16	0.000605131226
8785.55	0.000597599798
8790.93	0.000561457566
8796.31	0.000584798058
8801.70	0.000591278940
8807.08	0.000569046766
8812.46	0.000552978821
8817.85	0.000589586860
8823.23	0.000609465308
8828.61	0.000608978635
8834.00	0.000591589430
8839.38	0.000593259821
8844.76	0.000597908353
8850.15	0.000601875917
8855.53	0.000597608308
8860.91	0.000597012849
8866.30	0.000583560290
8871.68	0.000592689636
8877.06	0.000590411805
8882.45	0.000590666949
8887.83	0.000566260286
8893.21	0.000554532627
8898.60	0.000567846617
8903.98	0.000566983662
8909.36	0.000572046433
8914.75	0.000618979476
8920.13	0.000626011171
8925.51	0.000609741594
8930.90	0.000582475586
8936.28	0.000590259981
8941.66	0.000590521668
8947.05	0.000568065667
8952.43	0.000568864302
8957.81	0.000568327149
8963.20	0.000579327776
8968.58	0.000573989913
8973.96	0.000598887099
8979.35	0.000608485126
8984.73	0.000596226111
8990.11	0.000589509778
8995.50	0.000597400869
9000.88	0.000587211439
9006.26	0.000578449007
9011.65	0.000598668658
9017.03	0.000588707100
9022.41	0.000601928960
9027.80	0.000586828005
9033.18	0.000577216206
9038.56	0.000576534562
9043.95	0.000612079812
9049.33	0.000590547272
9054.71	0.000592367544
9060.10	0.000576516251
9065.48	0.000599461406
9070.86	0.000620999824
9076.25	0.000600475866
9081.63	0.000587846024
9087.01	0.000569769093
9092.40	0.000578581280
9097.78	0.000611824307
9103.16	0.000603008481
9108.54	0.000628716937
9113.93	0.000608278131
9119.31	0.000602124839
9124.69	0.000594653110
9130.08	0.000590443604
9135.46	0.000597904665
9140.84	0.000600501282
9146.23	0.000614790330
9151.61	0.000605634085
9156.99	0.000583653089
9162.38	0.000576848226
9167.76	0.000588693981
9173.14	0.000613125178
9178.53	0.000592598171
9183.91	0.000588910228
9189.29	0.000595469404
9194.68	0.000607030341
9200.06	0.000617408160
9205.44	0.000606343832
9210.83	0.000612864194
9216.21	0.000624980347
9221.59	0.000593661477
9226.98	0.000570517131
9232.36	0.000593462083
9237.74	0.000588531532
9243.13	0.000567657142
9248.51	0.000547106036
9253.89	0.000572260875
9259.28	0.000560299228
9264.66	0.000595132889
9270.04	0.000590076032
9275.43	0.000570333081
9280.81	0.000594759297
9286.19	0.000582631532
9291.58	0.000589767280
9296.96	0.000614102525
9302.34	0.000617937071
9307.73	0.000605683558
9313.11	0.000599956737
9318.49	0.000622626268
9323.88	0.000617711732
9329.26	0.000584984244
9334.64	0.000570081349
9340.03	0.000605506891
9345.41	0.000617008849
9350.79	0.000588612839
9356.18	0.000599986634
9361.56	0.000600162280
9366.94	0.000624857233
9372.33	0.000587651739
9377.71	0.000597918442
9383.09	0.000589719943
9388.48	0.000590564289
9393.86	0.000572659462
9399.24	0.000568606873
9404.63	0.000575854119
9410.01	0.000599900315
9415.39	0.000598416933
9420.78	0.000585051194
9426.16	0.000588158089
9431.54	0.000611894676
9436.93	0.000621460855
9442.31	0.000612834267
9447.69	0.000598895032
9453.08	0.000586958862
9458.46	0.000568965953
9463.84	0.000561125990
9469.23	0.000589618489
9474.61	0.000608260781
9479.99	0.000586983745
9485.38	0.000586352126
9490.76	0.000602466432
9496.14	0.000615121301
9501.53	0.000608315173
9506.91	0.000565559217
9512.29	0.000573294052
9517.68	0.000583687272
9523.06	0.000598088617
9528.44	0.000590050134
9533.83	0.000592849594
9539.21	0.000581787160
9544.59	0.000586392484
9549.98	0.000612462076
9555.36	0.000602974243
9560.74	0.000577047895
9566.13	0.000577456661
9571.51	0.000592833922
9576.89	0.000585980116
9582.28	0.000587105642
9587.66	0.000590389848
9593.04	0.000597935701
9598.43	0.000600801021
9603.81	0.000590401605
9609.19	0.000590546992
9614.58	0.000610580607
9619.96	0.000586784770
9625.34	0.000592929192
9630.73	0.000571674659
9636.11	0.000587000575
9641.49	0.000568354170
9646.88	0.000604231249
9652.26	0.000619020954
9657.64	0.000577317997
9663.02	0.000592522228
9668.41	0.000584003397
9673.79	0.000586995496
9679.17	0.000612126003
9684.56	0.000588371233
9689.94	0.000588017836
9695.32	0.000616573156
9700.71	0.000588199486
9706.09	0.000581910404
9711.47	0.000581796218
9716.86	0.000582019021
9722.24	0.000583287133
9727.62	0.000582348089
9733.01	0.000582437356
9738.39	0.000575626277
9743.77	0.000572142783
9749.16	0.000601888986
9754.54	0.000584747540
9759.92	0.000590463628
9765.31	0.000589093422
9770.69	0.000586756145
9776.07	0.000587636935
9781.46	0.000598256588
9786.84	0.000598171814
9792.22	0.000609379195
9797.61	0.000610463633
9802.99	0.000595223990
9808.37	0.000561522251
9813.76	0.000564809884
9819.14	0.000600748662
9824.52	0.000600904986
9829.91	0.000570495655
9835.29	0.000589717911
9840.67	0.000610745076
9846.06	0.000582742527
9851.44	0.000578581989
9856.82	0.000586708210
9862.21	0.000573445343
9867.59	0.000590742800
9872.97	0.000592572414
9878.36	0.000590633228
9883.74	0.000601076634
9889.12	0.000627382079
9894.51	0.000631433220
9899.89	0.000599774006
9905.27	0.000594914435
9910.66	0.000582199171
9916.04	0.000554105670
9921.42	0.000569365572
9926.81	0.000589353238
9932.19	0.000590804984
9937.57	0.000591010030
9942.96	0.000581050299
9948.34	0.000594000396
9953.72	0.000566854545
9959.11	0.000571011905
9964.49	0.000603417561
9969.87	0.000610769229
9975.26	0.000604479663
9980.64	0.000608848471
9986.02	0.000615351143
9991.41	0.000585149012
9996.79	0.000577705263
10002.17	0.000576221813
10007.56	0.000596830860
10012.94	0.000608783650
10018.32	0.000589597200
10023.71	0.000568552481
10029.09	0.000580193917
10034.47	0.000562821907
10039.86	0.000581389530
10045.24	0.000610604440
10050.62	0.000610648337
10056.01	0.000583893667
10061.39	0.000601808388
10066.77	0.000602173682
10072.16	0.000617375095
10077.54	0.000621128083
10082.92	0.000601608598
10088.31	0.000604037930
10093.69	0.000610362731
10099.07	0.000575049170
10104.46	0.000590065297
10109.84	0.000594804084
10115.22	0.000593797536
10120.61	0.000595351611
10125.99	0.000593475797
10131.37	0.000597573839
10136.76	0.000610387756
10142.14	0.000597009022
10147.52	0.000614860729
10152.91	0.000619711476
10158.29	0.000629255530
10163.67	0.000601079142
10169.06	0.000592131396
10174.44	0.000597836241
10179.82	0.000574059300
10185.21	0.000559289324
10190.59	0.000558229513
10195.97	0.000561141162
10201.35	0.000603574255
10206.74	0.000597885271
10212.12	0.000595502836
10217.50	0.000570380513
10222.89	0.000571649996
10228.27	0.000594275526
10233.65	0.000603613832
10239.04	0.000615816829
10244.42	0.000640920090
10249.80	0.000623877704
10255.19	0.000606724659
10260.57	0.000572470793
10265.95	0.000579464583
10271.34	0.000594955588
10276.72	0.000606086824
10282.10	0.000608621684
10287.49	0.000609531395
10292.87	0.000606998027
10298.25	0.000603686630
10303.64	0.000579861755
10309.02	0.000588548252
10314.40	0.000597327553
10319.79	0.000588423896
10325.17	0.000582947269
10330.55	0.000577320055
10335.94	0.000604128847
10341.32	0.000621348513
10346.70	0.000604377786
10352.09	0.000584584783
10357.47	0.000585783580
10362.85	0.000579475634
10368.24	0.000563933537
10373.62	0.000568435435
10379.00	0.000571815806
10384.39	0.000592306159
10389.77	0.000609170243
10395.15	0.000592954766
10400.54	0.000597784430
10405.92	0.000582907497
10411.30	0.000622673008
10416.69	0.000585490662
10422.07	0.000583029879
10427.45	0.000570646632
10432.84	0.000571595227
10438.22	0.000583804034
10443.60	0.000579654379
10448.99	0.000600627554
10454.37	0.000617024726
10459.75	0.000619462569
10465.14	0.000594483218
10470.52	0.000563307284
10475.90	0.000571291728
10481.29	0.000591801052
10486.67	0.000591996147
10492.05	0.000585511770
10497.44	0.000571291236
10502.82	0.000573187968
10508.20	0.000566864091
10513.59	0.000578262513
10518.97	0.000576010531
10524.35	0.000568831415
10529.74	0.000575368219
10535.12	0.000588656854
10540.50	0.000591387020
10545.89	0.000590637457
10551.27	0.000570477069
10556.65	0.000569968694
10562.04	0.000586405155
10567.42	0.000607692630
10572.80	0.000616186134
10578.19	0.000606870727
10583.57	0.000617641591
10588.95	0.000624370040
10594.34	0.000583504700
10599.72	0.000574277717
10605.10	0.000559372921
10610.49	0.000551472508
10615.87	0.000590692579
10621.25	0.000597941001
10626.64	0.000588856230
10632.02	0.000597919608
10637.40	0.000610586752
10642.79	0.000583940770
10648.17	0.000584527453
10653.55	0.000610261828
10658.94	0.000596043532
10664.32	0.000588504191
10669.70	0.000611812785
10675.09	0.000607060754
10680.47	0.000628917891
10685.85	0.000595072010
10691.24	0.000595808090
10696.62	0.000581934172
10702.00	0.000574975436
10707.39	0.000572054299
10712.77	0.000567098576
10718.15	0.000584926873
10723.54	0.000613000120
10728.92	0.000609281664
10734.30	0.000562609605
10739.69	0.000579957540
10745.07	0.000623432548
10750.45	0.000602563664
10755.83	0.000581007562
10761.22	0.000583142749
10766.60	0.000556150394
10771.98	0.000583086111
10777.37	0.000567283910
10782.75	0.000577248176
10788.13	0.000584988661
10793.52	0.000544733210
10798.90	0.000547709442
10804.28	0.000571842351
10809.67	0.000587898211
10815.05	0.000581124139
10820.43	0.000576521936
10825.82	0.000559227544
10831.20	0.000578856702
10836.58	0.000581865113
10841.97	0.000555271944
10847.35	0.000590893817
10852.73	0.000603808439
10858.12	0.000577977509
10863.50	0.000594723066
10868.88	0.000624214558
10874.27	0.000600699062
10879.65	0.000577431057
10885.03	0.000596169645
10890.42	0.000601224994
10895.80	0.000612809271
10901.18	0.000602767701
10906.57	0.000583508074
10911.95	0.000601640659
10917.33	0.000579962943
10922.72	0.000605347801
10928.10	0.000617172989
10933.48	0.000602228959
10938.87	0.000590983271
10944.25	0.000626062182
10949.63	0.000609644687
10955.02	0.000601361253
10960.40	0.000607320373
10965.78	0.000583288481
10971.17	0.000591298049
10976.55	0.000597728831
10981.93	0.000606965529
10987.32	0.000607714067
10992.70	0.000584283170
10998.08	0.000569276110
11003.47	0.000603276487
11008.85	0.000599422666
11014.23	0.000591212635
11019.62	0.000585259936
11025.00	0.000576731172
11030.38	0.000599786578
11035.77	0.000594025145
11041.15	0.000599260196
11046.53	0.000586274519
11051.92	0.000565574236
11057.30	0.000574453896
11062.68	0.000602457214
11068.07	0.000600060543
11073.45	0.000613137391
11078.83	0.000575825827
11084.22	0.000569980914
11089.60	0.000579366543
11094.98	0.000591851947
11100.37	0.000584104700
11105.75	0.000573635912
11111.13	0.000587959307
11116.52	0.000606984857
11121.90	0.000608063680
11127.28	0.000576527587
11132.67	0.000577761882
11138.05	0.000585261791
11143.43	0.000559335887
11148.82	0.000569387401
11154.20	0.000583613328
11159.58	0.000599754124
11164.97	0.000599133712
11170.35	0.000596478550
11175.73	0.000589340992
11181.12	0.000607640225
11186.50	0.000603490088
11191.88	0.000575041521
11197.27	0.000597980319
11202.65	0.000595991641
11208.03	0.000605901074
11213.42	0.000608471870
11218.80	0.000593345646
11224.18	0.000600933641
11229.57	0.000594776264
11234.95	0.000604240626
11240.33	0.000587458796
11245.72	0.000572395891
11251.10	0.000592908083
11256.48	0.000624137057
11261.87	0.000637924174
11267.25	0.000622484340
11272.63	0.000597827707
11278.02	0.000582435348
11283.40	0.000581897512
11288.78	0.000592433845
11294.17	0.000606672573
11299.55	0.000595757713
11304.93	0.000565827357
11310.31	0.000585050625
11315.70	0.000586142497
11321.08	0.000610983518
11326.46	0.000589512120
11331.85	0.000578587804
11337.23	0.000610271120
11342.61	0.000623114126
11348.00	0.000622522768
11353.38	0.000603766182
11358.76	0.000595898051
11364.15	0.000573368728
11369.53	0.000603853221
11374.91	0.000607873604
11380.30	0.000584544598
11385.68	0.000558879187
11391.06	0.000558122671
11396.45	0.000587002389
11401.83	0.000607036653
11407.21	0.000600407559
11412.60	0.000600139974
11417.98	0.000578878532
11423.36	0.000589216914
11428.75	0.000595863082
11434.13	0.000605883263
11439.51	0.000614152889
11444.90	0.000595140424
11450.28	0.000563751418
11455.66	0.000566878492
11461.05	0.000595928468
11466.43	0.000574084661
11471.81	0.000582476050
11477.20	0.000582311619
11482.58	0.000587878010
11487.96	0.000586579219
11493.35	0.000600637002
11498.73	0.000590054577
11504.11	0.000593165799
11509.50	0.000575060412
11514.88	0.000554342568
11520.26	0.000569739320
11525.65	0.000580419186
11531.03	0.000595945931
11536.41	0.000596266413
11541.80	0.000595049705
11547.18	0.000590176085
11552.56	0.000592100277
11557.95	0.000591649995
11563.33	0.000594917338
11568.71	0.000583692550
11574.10	0.000587425039
11579.48	0.000588259380
11584.86	0.000602135231
11590.25	0.000590297415
11595.63	0.000613308230
11601.01	0.000601725088
11606.40	0.000595357695
11611.78	0.000600970856
11617.16	0.000605919866
11622.55	0.000599799760
11627.93	0.000582453703
11633.31	0.000569612794
11638.70	0.000581151266
11644.08	0.000593957176
11649.46	0.000594926648
11654.85	0.000606486103
11660.23	0.000594727078
11665.61	0.000585969659
11671.00	0.000600232423
11676.38	0.000580377995
11681.76	0.000569279863
11687.15	0.000560357552
11692.53	0.000551740149
11697.91	0.000586892260
11703.30	0.000600131133
11708.68	0.000620899028
11714.06	0.000584947280
11719.45	0.000571878055
11724.83	0.000590753639
11730.21	0.000597737991
11735.60	0.000578601271
11740.98	0.000583639401
11746.36	0.000573601911
11751.75	0.000553687042
11757.13	0.000560203125
11762.51	0.000602350190
11767.90	0.000603925085
11773.28	0.000587509740
11778.66	0.000603920037
11784.05	0.000580432748
11789.43	0.000612494157
11794.81	0.000610581645
11800.20	0.000573290201
11805.58	0.000585520672
11810.96	0.000580701670
11816.35	0.000608753124
11821.73	0.000608282411
11827.11	0.000598681351
11832.50	0.000581814220
11837.88	0.000593059444
11843.26	0.000577194214
11848.65	0.000586066501
11854.03	0.000590456183
11859.41	0.000576707615
11864.79	0.000591862227
11870.18	0.000592030530
11875.56	0.000581709220
11880.94	0.000591081971
11886.33	0.000628608331
11891.71	0.000614382047
11897.09	0.000633003540
11902.48	0.000590730566
11907.86	0.000559930544
11913.24	0.000585271236
11918.63	0.000592895937
11924.01	0.000597898894
11929.39	0.000599790977
11934.78	0.000589429619
11940.16	0.000575728140
11945.54	0.000571885039
11950.93	0.000587174231
11956.31	0.000595997996
11961.69	0.000581143860
11967.08	0.000596155273
11972.46	0.000590212389
11977.84	0.000582620376
11983.23	0.000558495526
11988.61	0.000573330437
11993.99	0.000609424686
11999.38	0.000610849593
12004.76	0.000604229678
12010.14	0.000599783583
12015.53	0.000608701711
12020.91	0.000563756039
12026.29	0.000558720367
12031.68	0.000587295581
12037.06	0.000585561533
12042.44	0.000599867981
12047.83	0.000599861453
12053.21	0.000605029756
12058.59	0.000595782639
12063.98	0.000567787958
12069.36	0.000583985094
12074.74	0.000604549127
12080.13	0.000615473778
12085.51	0.000598672116
12090.89	0.000585441351
12096.28	0.000581548165
12101.66	0.000609843988
12107.04	0.000612804623
12112.43	0.000638077775
12117.81	0.000628086882
12123.19	0.000600380882
12128.58	0.000613229739
12133.96	0.000588121076
12139.34	0.000572550590
12144.73	0.000579937910
12150.11	0.000601336662
12155.49	0.000573786075
12160.88	0.000587383644
12166.26	0.000603167887
12171.64	0.000612936279
12177.03	0.000611423161
12182.41	0.000565935208
12187.79	0.000593098055
12193.18	0.000588021840
12198.56	0.000595245873
12203.94	0.000612160154
12209.33	0.000592615756
12214.71	0.000582538100
12220.09	0.000591255027
12225.48	0.000585544611
12230.86	0.000590951999
12236.24	0.000600858396
12241.63	0.000598466051
12247.01	0.000582943913
12252.39	0.000578891534
12257.78	0.000603185293
12263.16	0.000605094358
12268.54	0.000599769042
12273.93	0.000583878177
12279.31	0.000578198035
12284.69	0.000574973575
12290.08	0.000555962917
12295.46	0.000581906146
12300.84	0.000601553053
12306.23	0.000597916356
12311.61	0.000604491230
12316.99	0.000599110837
12322.38	0.000577208838
12327.76	0.000560941312
12333.14	0.000576517223
12338.53	0.000581587926
12343.91	0.000607825941
12349.29	0.000579660518
12354.68	0.000565221194
12360.06	0.000582686921
12365.44	0.000583633190
12370.83	0.000593350052
12376.21	0.000613096414
12381.59	0.000606755869
12386.98	0.000572732938
12392.36	0.000565557498
12397.74	0.000601244559
12403.12	0.000613184927
12408.51	0.000620976123
12413.89	0.000582756333
12419.27	0.000574276423
12424.66	0.000588903058
12430.04	0.000579298958
12435.42	0.000612562685
12440.81	0.000606849303
12446.19	0.000601486288
12451.57	0.000595781316
12456.96	0.000572225412
12462.34	0.000594047059
12467.72	0.000587237125
12473.11	0.000569391489
12478.49	0.000579299244
12483.87	0.000589168751
12489.26	0.000577897674
12494.64	0.000583198408
12500.02	0.000582489738
12505.41	0.000602345322
12510.79	0.000587231097
12516.17	0.000575511595
12521.56	0.000596926569
12526.94	0.000586068569
12532.32	0.000581987471
12537.71	0.000585274655
12543.09	0.000608195631
12548.47	0.000604982849
12553.86	0.000587207938
12559.24	0.000590203340
12564.62	0.000580819029
12570.01	0.000593863051
12575.39	0.000594517705
12580.77	0.000597897184
12586.16	0.000585923150
12591.54	0.000570781817
12596.92	0.000563917725
12602.31	0.000588238360
12607.69	0.000589654605
12613.07	0.000587194157
12618.46	0.000593988520
12623.84	0.000581258175
12629.22	0.000590801386
12634.61	0.000578164488
12639.99	0.000578585798
12645.37	0.000590993744
12650.76	0.000586352255
12656.14	0.000590157116
12661.52	0.000591208649
12666.91	0.000596058786
12672.29	0.000626687603
12677.67	0.000619448670
12683.06	0.000601776151
12688.44	0.000594370810
12693.82	0.000582367839
12699.21	0.000576358650
12704.59	0.000580392231
12709.97	0.000569466575
12715.36	0.000574002997
12720.74	0.000598236457
12726.12	0.000620348475
12731.51	0.000607310663
12736.89	0.000603321648
12742.27	0.000583610742
12747.66	0.000559873546
12753.04	0.000552342492
12758.42	0.000574312973
12763.81	0.000606370988
12769.19	0.000608926426
12774.57	0.000594069357
12779.96	0.000589860312
12785.34	0.000616225174
12790.72	0.000599280631
12796.11	0.000595979079
12801.49	0.000584830265
12806.87	0.000578830021
12812.26	0.000578276407
12817.64	0.000581854786
12823.02	0.000559880781
12828.41	0.000579046543
12833.79	0.000582019651
12839.17	0.000590619152
12844.56	0.000599041950
12849.94	0.000606075522
12855.32	0.000574334612
12860.71	0.000585795976
12866.09	0.000598029891
12871.47	0.000591146497
12876.86	0.000579492261
12882.24	0.000592833086
12887.62	0.000613535390
12893.01	0.000576287000
12898.39	0.000602340111
12903.77	0.000603808414
12909.16	0.000619350446
12914.54	0.000612234182
12919.92	0.000619644102
12925.31	0.000607841982
12930.69	0.000626159006
12936.07	0.000579237672
12941.46	0.000568257885
12946.84	0.000592580215
12952.22	0.000591715748
12957.60	0.000562927399
12962.99	0.000576742184
12968.37	0.000593945314
12973.75	0.000575696035
12979.14	0.000586388158
12984.52	0.000578349914
12989.90	0.000590341933
12995.29	0.000606920529
13000.67	0.000602979201
13006.05	0.000600070535
13011.44	0.000614659796
13016.82	0.000619763850
13022.20	0.000596549392
13027.59	0.000571363590
13032.97	0.000583517714
13038.35	0.000599191006
13043.74	0.000597482084
13049.12	0.000603665204
13054.50	0.000595265013
13059.89	0.000581241809
13065.27	0.000626839429
13070.65	0.000617479950
13076.04	0.000565626967
13081.42	0.000571261630
13086.80	0.000577220812
13092.19	0.000624374015
13097.57	0.000591089328
13102.95	0.000604370880
13108.34	0.000590640149
13113.72	0.000584382852
13119.10	0.000590669618
13124.49	0.000573068088
13129.87	0.000576474975
13135.25	0.000584227611
13140.64	0.000584965237
13146.02	0.000570351636
13151.40	0.000601791667
13156.79	0.000586637639
13162.17	0.000573418748
13167.55	0.000586768767
13172.94	0.000606065609
13178.32	0.000618954663
13183.70	0.000609966632
13189.09	0.000622022391
13194.47	0.000601402145
13199.85	0.000568627089
13205.24	0.000590527454
13210.62	0.000593360081
13216.00	0.000581228910
13221.39	0.000580639574
13226.77	0.000563014764
13232.15	0.000571018023
13237.54	0.000599110679
13242.92	0.000601972415
13248.30	0.000574837105
13253.69	0.000584155279
13259.07	0.000578124915
13264.45	0.000583145051
13269.84	0.000615444269
13275.22	0.000602588394
13280.60	0.000572259337
13285.99	0.000557573005
13291.37	0.000584043501
13296.75	0.000579378722
13302.14	0.000592094684
13307.52	0.000588281268
13312.90	0.000574374526
13318.29	0.000627499320
13323.67	0.000594741484
13329.05	0.000589595528
13334.44	0.000587761255
13339.82	0.000576475226
13345.20	0.000582594035
13350.59	0.000613175964
13355.97	0.000594145289
13361.35	0.000596225712
13366.74	0.000592422241
13372.12	0.000587025847
13377.50	0.000606397212
13382.89	0.000574615027
13388.27	0.000576106813
13393.65	0.000591481485
13399.04	0.000605486582
13404.42	0.000600418039
13409.80	0.000593300596
13415.19	0.000625226584
13420.57	0.000622446948
13425.95	0.000605393004
13431.34	0.000574070737
13436.72	0.000603446717
13442.10	0.000590814466
13447.49	0.000609827774
13452.87	0.000619314434
13458.25	0.000590553834
13463.64	0.000561665068
13469.02	0.000585920901
13474.40	0.000578038853
13479.79	0.000576418352
13485.17	0.000570802246
13490.55	0.000579427132
13495.94	0.000579535595
13501.32	0.000576942655
13506.70	0.000609869630
13512.08	0.000625085257
13517.47	0.000601918885
13522.85	0.000609885718
13528.23	0.000579871716
13533.62	0.000570759737
13539.00	0.000592503400
13544.38	0.000611839972
13549.77	0.000589829966
13555.15	0.000573808805
13560.53	0.000578789353
13565.92	0.000596957886
13571.30	0.000603050316
13576.68	0.000624822737
13582.07	0.000623776434
13587.45	0.000632942603
13592.83	0.000619191215
13598.22	0.000571107183
13603.60	0.000570146333
13608.98	0.000596749363
13614.37	0.000616600874
13619.75	0.000615983747
13625.13	0.000590767220
13630.52	0.000584637571
13635.90	0.000579073439
13641.28	0.000595670063
13646.67	0.000619174266
13652.05	0.000597485393
13657.43	0.000576593318
13662.82	0.000584970002
13668.20	0.000601930728
13673.58	0.000624332746
13678.97	0.000603256597
13684.35	0.000581884971
13689.73	0.000584907630
13695.12	0.000579113322
13700.50	0.000576593270
13705.88	0.000587850202
13711.27	0.000591986680
13716.65	0.000595355235
13722.03	0.000602476717
13727.42	0.000596477066
13732.80	0.000606047388
13738.18	0.000607927540
13743.57	0.000594240663
13748.95	0.000565260477
13754.33	0.000587515166
13759.72	0.000597355327
13765.10	0.000602808722
13770.48	0.000589433301
13775.87	0.000593497922
13781.25	0.000587208115
13786.63	0.000564675336
13792.02	0.000544205990
13797.40	0.000554118992
13802.78	0.000579608281
13808.17	0.000576466662
13813.55	0.000587085534
13818.93	0.000577773293
13824.32	0.000559479241
13829.70	0.000575534297
13835.08	0.000604041720
13840.47	0.000585626934
13845.85	0.000560116605
13851.23	0.000571887319
13856.62	0.000602225706
13862.00	0.000593991371
13867.38	0.000603544841
13872.77	0.000578490873
13878.15	0.000572524593
13883.53	0.000593101872
13888.92	0.000595371565
13894.30	0.000612950530
13899.68	0.000620708909
13905.07	0.000595556456
13910.45	0.000591288666
13915.83	0.000562490830
13921.22	0.000579751718
13926.60	0.000609329110
13931.98	0.000567308375
13937.37	0.000564822762
13942.75	0.000580147657
13948.13	0.000588042862
13953.52	0.000578949744
13958.90	0.000571096822
13964.28	0.000580557766
13969.67	0.000573857981
13975.05	0.000559171502
13980.43	0.000570721043
13985.82	0.000576647265
13991.20	0.000568204150
13996.58	0.000559746594
14001.97	0.000573109347
14007.35	0.000587829121
14012.73	0.000589457082
14018.12	0.000601195202
14023.50	0.000595684388
14028.88	0.000599273215
14034.27	0.000584670927
14039.65	0.000588940449
14045.03	0.000604228023
14050.42	0.000589481750
14055.80	0.000592660710
14061.18	0.000593906113
14066.56	0.000596896733
14071.95	0.000594004238
14077.33	0.000599699309
14082.71	0.000603529207
14088.10	0.000609404039
14093.48	0.000588035183
14098.86	0.000586812152
14104.25	0.000600399806
14109.63	0.000605140373
14115.01	0.000593520881
14120.40	0.000582739240
14125.78	0.000604315458
14131.16	0.000592057089
14136.55	0.000576620316
14141.93	0.000577633804
14147.31	0.000568307834
14152.70	0.000580160687
14158.08	0.000593372772
14163.46	0.000593564787
14168.85	0.000585056971
14174.23	0.000609088788
14179.61	0.000612212085
14185.00	0.000594701642
14190.38	0.000586686879
14195.76	0.000609158579
14201.15	0.000591354996
14206.53	0.000598508690
14211.91	0.000594605188
14217.30	0.000584005538
14222.68	0.000600745458
14228.06	0.000606132123
14233.45	0.000603768504
14238.83	0.000603012693
14244.21	0.000589283118
14249.60	0.000577147178
14254.98	0.000611055166
14260.36	0.000608942450
14265.75	0.000608335381
14271.13	0.000611805109
14276.51	0.000607295666
14281.90	0.000596061372
14287.28	0.000576415552
14292.66	0.000576680785
14298.05	0.000588889528
14303.43	0.000592118897
14308.81	0.000580209820
14314.20	0.000571428576
14319.58	0.000599964437
14324.96	0.000625041271
14330.35	0.000620543695
14335.73	0.000589068323
14341.11	0.000605607833
14346.50	0.000580926586
14351.88	0.000590675529
14357.26	0.000608758287
14362.65	0.000616377189
14368.03	0.000613277326
14373.41	0.000602555662
14378.80	0.000598820282
14384.18	0.000586550578
14389.56	0.000568991535
14394.95	0.000609401859
14400.33	0.000620158039
14405.71	0.000604390473
14411.10	0.000594428950
14416.48	0.000583090416
14421.86	0.000596832207
14427.25	0.000610122154
14432.63	0.000609281114
14438.01	0.000588060815
14443.40	0.000585145471
14448.78	0.000594169083
14454.16	0.000578075068
14459.55	0.000589966642
14464.93	0.000583657738
14470.31	0.000605650702
14475.70	0.000567569336
14481.08	0.000547283037
14486.46	0.000573737724
14491.85	0.000590822038
14497.23	0.000592569089
14502.61	0.000586226994
14508.00	0.000589645495
14513.38	0.000595664045
14518.76	0.000584027006
14524.15	0.000593990123
14529.53	0.000617766857
14534.91	0.000602103864
14540.30	0.000562385054
14545.68	0.000565511254
14551.06	0.000567922610
14556.45	0.000556553673
14561.83	0.000581391492
14567.21	0.000619654398
14572.60	0.000644901055
14577.98	0.000624379222
14583.36	0.000621405429
14588.75	0.000632093944
14594.13	0.000602289509
14599.51	0.000574402475
14604.90	0.000576243135
14610.28	0.000586563534
14615.66	0.000576757699
14621.04	0.000592776079
14626.43	0.000591794226
14631.81	0.000602775819
14637.19	0.000592085147
14642.58	0.000559973969
14647.96	0.000566785186
14653.34	0.000613356361
14658.73	0.000611997231
14664.11	0.000599883000
14669.49	0.000571370545
14674.88	0.000575095005
14680.26	0.000600455925
14685.64	0.000575826521
14691.03	0.000584820491
14696.41	0.000580205050
14701.79	0.000586958304
14707.18	0.000565386089
14712.56	0.000565002662
14717.94	0.000582137638
14723.33	0.000574229029
14728.71	0.000569575172
14734.09	0.000598357760
14739.48	0.000597691526
14744.86	0.000601801264
14750.24	0.000576693173
14755.63	0.000571128296
14761.01	0.000561164131
14766.39	0.000590165241
14771.78	0.000594549603
14777.16	0.000591879066
14782.54	0.000616097046
14787.93	0.000598864620
14793.31	0.000591809691
14798.69	0.000581405183
14804.08	0.000580020290
14809.46	0.000602651113
14814.84	0.000588567669
14820.23	0.000564018199
14825.61	0.000554271517
14830.99	0.000566764994
14836.38	0.000580449294
14841.76	0.000600967054
14847.14	0.000595123176
14852.53	0.000591902693
14857.91	0.000603753589
14863.29	0.000604344645
14868.68	0.000592323488
14874.06	0.000588821871
14879.44	0.000574820548
14884.83	0.000558693847
14890.21	0.000560994758
14895.59	0.000589948695
14900.98	0.000618720855
14906.36	0.000610272704
14911.74	0.000585481687
14917.13	0.000581619855
14922.51	0.000622391572
14927.89	0.000610732981
14933.28	0.000575604071
14938.66	0.000588033511
14944.04	0.000599347548
14949.43	0.000620453682
14954.81	0.000605762801
14960.19	0.000603185211
14965.58	0.000584557686
14970.96	0.000590292668
14976.34	0.000592194536
14981.73	0.000589773049
14987.11	0.000594298334
14992.49	0.000596013123
14997.88	0.000579447307
15003.26	0.000584679756
15008.64	0.000582132355
15014.03	0.000582482678
15019.41	0.000562014583
15024.79	0.000585236846
15030.18	0.000596423345
15035.56	0.000586343059
15040.94	0.000573209508
15046.33	0.000579671325
15051.71	0.000587811429
15057.09	0.000577407670
15062.48	0.000588815398
15067.86	0.000617857773
15073.24	0.000594876365
15078.63	0.000594453904
15084.01	0.000604071463
15089.39	0.000606239813
15094.78	0.000602679478
15100.16	0.000607946396
15105.54	0.000603729865
15110.93	0.000578751255
15116.31	0.000563161456
15121.69	0.000574281088
15127.08	0.000575104806
15132.46	0.000581205464
15137.84	0.000600696490
15143.23	0.000623417782
15148.61	0.000613501211
15153.99	0.000595115141
15159.38	0.000598235900
15164.76	0.000586559723
15170.14	0.000581024079
15175.52	0.000563091418
15180.91	0.000586797544
15186.29	0.000592575033
15191.67	0.000575351005
15197.06	0.000593729986
15202.44	0.000581109973
15207.82	0.000599014521
15213.21	0.000606486596
15218.59	0.000602380649
15223.97	0.000603682307
15229.36	0.000584289354
15234.74	0.000591635908
15240.12	0.000589212239
15245.51	0.000600100861
15250.89	0.000601368493
15256.27	0.000610207703
15261.66	0.000610394882
15267.04	0.000581304447
15272.42	0.000575791837
15277.81	0.000592941208
15283.19	0.000595792234
15288.57	0.000592126745
15293.96	0.000573806661
15299.34	0.000575046271
15304.72	0.000592088506
15310.11	0.000563889697
15315.49	0.000560505536
15320.87	0.000579247602
15326.26	0.000595723364
15331.64	0.000581072032
15337.02	0.000557742704
15342.41	0.000583330666
15347.79	0.000579361099
15353.17	0.000574962123
15358.56	0.000610082193
15363.94	0.000606058529
15369.32	0.000577634236
15374.71	0.000591000884
15380.09	0.000614183465
15385.47	0.000616311270
15390.86	0.000621650659
15396.24	0.000586346033
15401.62	0.000589793685
15407.01	0.000593086002
15412.39	0.000585046713
15417.77	0.000581571216
15423.16	0.000590293655
15428.54	0.000604134305
15433.92	0.000616611397
15439.31	0.000616132426
15444.69	0.000579992356
15450.07	0.000571250274
15455.46	0.000588451466
15460.84	0.000588001288
15466.22	0.000611576676
15471.61	0.000584237996
15476.99	0.000590578709
15482.37	0.000606786222
15487.76	0.000575694765
15493.14	0.000571862258
15498.52	0.000569790349
15503.91	0.000572368091
15509.29	0.000576679872
15514.67	0.000582578946
15520.06	0.000583636047
15525.44	0.000616609323
15530.82	0.000622867304
15536.21	0.000581775072
15541.59	0.000575276237
15546.97	0.000593015973
15552.36	0.000612524569
15557.74	0.000614338638
15563.12	0.000600337851
15568.51	0.000589217183
15573.89	0.000617567929
15579.27	0.000634481344
15584.66	0.000605624975
15590.04	0.000598343470
15595.42	0.000587068551
15600.81	0.000585666289
15606.19	0.000593542245
15611.57	0.000610660379
15616.96	0.000617333761
15622.34	0.000606306630
15627.72	0.000566160319
15633.11	0.000585737604
15638.49	0.000600847782
15643.87	0.000588338954
15649.26	0.000562771943
15654.64	0.000545117992
15660.02	0.000562568807
15665.41	0.000586595423
15670.79	0.000599060839
15676.17	0.000611352098
15681.56	0.000615615984
15686.94	0.000596208020
15692.32	0.000592749794
15697.71	0.000579138202
15703.09	0.000574764924
15708.47	0.000578076846
15713.85	0.000586136305
15719.24	0.000612508373
15724.62	0.000606579586
15730.00	0.000602158446
15735.39	0.000601415394
15740.77	0.000575800413
15746.15	0.000581449234
15751.54	0.000549086917
15756.92	0.000575938396
15762.30	0.000604352892
15767.69	0.000613996420
15773.07	0.000597257810
15778.45	0.000595178745
15783.84	0.000586569374
15789.22	0.000621603107
15794.60	0.000591116642
15799.99	0.000601994457
15805.37	0.000599314254
15810.75	0.000610227280
15816.14	0.000590019918
15821.52	0.000608351897
15826.90	0.000632051888
15832.29	0.000590456663
15837.67	0.000581924116
15843.05	0.000600696809
15848.44	0.000589155555
15853.82	0.000576739270
15859.20	0.000587656463
15864.59	0.000612389590
15869.97	0.000613697624
15875.35	0.000590629338
15880.74	0.000583366366
15886.12	0.000606390072
15891.50	0.000586433391
15896.89	0.000591351530
15902.27	0.000599483502
15907.65	0.000601346265
15913.04	0.000598441090
15918.42	0.000591617791
15923.80	0.000585641117
15929.19	0.000564680124
15934.57	0.000577374056
15939.95	0.000594770307
15945.34	0.000606311336
15950.72	0.000615289663
15956.10	0.000592783935
15961.49	0.000589878290
15966.87	0.000598636039
15972.25	0.000609298113
15977.64	0.000618915866
15983.02	0.000614236932
15988.40	0.000588842262
15993.79	0.000586982943
15999.17	0.000589044379
16004.55	0.000571550548
16009.94	0.000604927216
16015.32	0.000615933651
16020.70	0.000587820033
16026.09	0.000593484547
16031.47	0.000586690642
16036.85	0.000597636917
16042.24	0.000574558803
16047.62	0.000583313403
16053.00	0.000570402512
16058.39	0.000556477150
16063.77	0.000588428177
16069.15	0.000583750497
16074.54	0.000573626141
16079.92	0.000603532973
16085.30	0.000613991938
16090.69	0.000586901823
16096.07	0.000604142975
16101.45	0.000586722782
16106.84	0.000580474173
16112.22	0.000600754367
16117.60	0.000603047335
16122.99	0.000606393580
16128.37	0.000589622233
16133.75	0.000577747407
16139.14	0.000602180689
16144.52	0.000617156895
16149.90	0.000590666958
16155.29	0.000576818724
16160.67	0.000580525050
16166.05	0.000565819046
16171.44	0.000556900181
16176.82	0.000558717327
16182.20	0.000580526520
16187.59	0.000592257809
16192.97	0.000593660572
16198.35	0.000605525820
16203.74	0.000583428335
16209.12	0.000582481049
16214.50	0.000590275889
16219.89	0.000592130034
16225.27	0.000623372912
16230.65	0.000596435534
16236.04	0.000581511061
16241.42	0.000606469746
16246.80	0.000604102157
16252.19	0.000607935068
16257.57	0.000588470669
16262.95	0.000584288180
16268.33	0.000586473317
16273.72	0.000580228075
16279.10	0.000599061355
16284.48	0.000596353000
16289.87	0.000606647301
16295.25	0.000593817956
16300.63	0.000601013897
16306.02	0.000597216369
16311.40	0.000603323414
16316.78	0.000581248187
16322.17	0.000579325217
16327.55	0.000582435433
16332.93	0.000596465264
16338.32	0.000600363111
16343.70	0.000596681034
16349.08	0.000569086833
16354.47	0.000579482254
16359.85	0.000575377978
16365.23	0.000575925398
16370.62	0.000579020633
16376.00	0.000598775223
16381.38	0.000579081097
16386.77	0.000591691676
16392.15	0.000603986044
16397.53	0.000606315178
16402.92	0.000588555489
16408.30	0.000567962010
16413.68	0.000593900187
16419.07	0.000639205409
16424.45	0.000626550644
16429.83	0.000586286592
16435.22	0.000595430023
16440.60	0.000588160469
16445.98	0.000596727545
16451.37	0.000582530564
16456.75	0.000595599939
16462.13	0.000570889481
16467.52	0.000588904062
16472.90	0.000620647955
16478.28	0.000613396892
16483.67	0.000605165836
16489.05	0.000594337109
16494.43	0.000603524795
16499.82	0.000617727948
16505.20	0.000614232024
16510.58	0.000587365585
16515.97	0.000592372304
16521.35	0.000599017490
16526.73	0.000581636118
16532.12	0.000566567147
16537.50	0.000594691223
16542.88	0.000588798017
16548.27	0.000583317479
16553.65	0.000581984724
16559.03	0.000599688492
16564.42	0.000575786608
16569.80	0.000575097069
16575.18	0.000596786497
16580.57	0.000610627918
16585.95	0.000583913939
16591.33	0.000615295229
16596.72	0.000614934100
16602.10	0.000586621768
16607.48	0.000598036339
16612.87	0.000594417521
16618.25	0.000627159047
16623.63	0.000604548106
16629.02	0.000572483774
16634.40	0.000602878671
16639.78	0.000619772783
16645.17	0.000600079741
16650.55	0.000587359085
16655.93	0.000602257011
16661.32	0.000600335438
16666.70	0.000591256144
16672.08	0.000588781589
16677.47	0.000567897574
16682.85	0.000584459638
16688.23	0.000607048887
16693.62	0.000602278901
16699.00	0.000579799543
16704.38	0.000594730187
16709.77	0.000604749030
16715.15	0.000591336906
16720.53	0.000620142235
16725.92	0.000591116875
16731.30	0.000545193100
16736.68	0.000598354085
16742.07	0.000618088068
16747.45	0.000609575707
16752.83	0.000595056814
16758.22	0.000573433462
16763.60	0.000573420992
16768.98	0.000621474186
16774.37	0.000607003607
16779.75	0.000604590224
16785.13	0.000607307389
16790.52	0.000606121349
16795.90	0.000604243651
16801.28	0.000588223386
16806.67	0.000586206172
16812.05	0.000616101323
16817.43	0.000596711122
16822.81	0.000587320680
16828.20	0.000617295378
16833.58	0.000642258763
16838.96	0.000604281259
16844.35	0.000574085749
16849.73	0.000581696044
16855.11	0.000564593877
16860.50	0.000586758512
16865.88	0.000609997937
16871.26	0.000592379603
16876.65	0.000607701653
16882.03	0.000585601921
16887.41	0.000596445298
16892.80	0.000601288372
16898.18	0.000576957227
16903.56	0.000586081522
16908.95	0.000592097014
16914.33	0.000596830814
16919.71	0.000594325813
16925.10	0.000586377370
16930.48	0.000575946811
16935.86	0.000588194759
16941.25	0.000577774221
16946.63	0.000608975937
16952.01	0.000611600661
16957.40	0.000603699477
16962.78	0.000630024627
16968.16	0.000628968454
16973.55	0.000613084025
16978.93	0.000596472628
16984.31	0.000570285475
16989.70	0.000576392422
16995.08	0.000582353478
17000.46	0.000572050936
17005.85	0.000567260535
17011.23	0.000593430282
17016.61	0.000594037981
17022.00	0.000582416296
17027.38	0.000603511917
17032.76	0.000619005793
17038.15	0.000587506218
17043.53	0.000561375417
17048.91	0.000590787297
17054.30	0.000607916776
17059.68	0.000603853393
17065.06	0.000582974413
17070.45	0.000581252988
17075.83	0.000605724037
17081.21	0.000586743353
17086.60	0.000594654191
17091.98	0.000602408573
17097.36	0.000589351256
17102.75	0.000561820142
17108.13	0.000569942207
17113.51	0.000598863532
17118.90	0.000597098837
17124.28	0.000574298482
17129.66	0.000600606182
17135.05	0.000624697826
17140.43	0.000614689622
17145.81	0.000597619257
17151.20	0.000565609246
17156.58	0.000593658734
17161.96	0.000596897617
17167.35	0.000582488191
17172.73	0.000581194397
17178.11	0.000576585767
17183.50	0.000561970020
17188.88	0.000567094273
17194.26	0.000570252572
17199.65	0.000565152692
17205.03	0.000588137126
17210.41	0.000596353060
17215.80	0.000585964479
17221.18	0.000601198406
17226.56	0.000613992008
17231.95	0.000599104764
17237.33	0.000574817704
17242.71	0.000578465488
17248.10	0.000592284052
17253.48	0.000590058256
17258.86	0.000599217741
17264.25	0.000584194247
17269.63	0.000596709536
17275.01	0.000596606826
17280.40	0.000573432711
17285.78	0.000568525037
17291.16	0.000608453562
17296.55	0.000607362331
17301.93	0.000601296164
17307.31	0.000618490578
17312.70	0.000595009787
17318.08	0.000597768784
17323.46	0.000606859779
17328.85	0.000615377299
17334.23	0.000638538914
17339.61	0.000625309397
17345.00	0.000625749938
17350.38	0.000621720605
17355.76	0.000587545847
17361.15	0.000605605980
17366.53	0.000603473695
17371.91	0.000593981641
17377.29	0.000589911750
17382.68	0.000579665091
17388.06	0.000582033656
17393.44	0.000568794191
17398.83	0.000576519143
17404.21	0.000599920875
17409.59	0.000582518114
17414.98	0.000581855077
17420.36	0.000588220112
17425.74	0.000591777189
17431.13	0.000558395055
17436.51	0.000595687798
17441.89	0.000581009486
17447.28	0.000609709440
17452.66	0.000608850207
17458.04	0.000618931430
17463.43	0.000581559075
17468.81	0.000577147152
17474.19	0.000585550885
17479.58	0.000581096045
17484.96	0.000601101675
17490.34	0.000627084469
17495.73	0.000614161342
17501.11	0.000595439151
17506.49	0.000571405174
17511.88	0.000597817160
17517.26	0.000602640576
17522.64	0.000591456930
17528.03	0.000556712068
17533.41	0.000573413032
17538.79	0.000595571520
17544.18	0.000592680529
17549.56	0.000586230169
17554.94	0.000584865717
17560.33	0.000569460817
17565.71	0.000598257327
17571.09	0.000619873069
17576.48	0.000618013585
17581.86	0.000585190421
17587.24	0.000602932469
17592.63	0.000625673646
17598.01	0.000625194923
17603.39	0.000600900739
17608.78	0.000606965212
17614.16	0.000599974467
17619.54	0.000612991445
17624.93	0.000590647954
17630.31	0.000573360929
17635.69	0.000584082224
17641.08	0.000563031272
17646.46	0.000559451323
17651.84	0.000586403072
17657.23	0.000581424079
17662.61	0.000594388133
17667.99	0.000593252921
17673.38	0.000588995381
17678.76	0.000579383165
17684.14	0.000584139974
17689.53	0.000574954473
17694.91	0.000564241475
17700.29	0.000565699782
17705.68	0.000624742421
17711.06	0.000585370208
17716.44	0.000547280956
17721.83	0.000556345689
17727.21	0.000586424918
17732.59	0.000590984721
17737.98	0.000553919326
17743.36	0.000586464186
17748.74	0.000575324291
17754.13	0.000576368900
17759.51	0.000591792660
17764.89	0.000569435746
17770.28	0.000590484699
17775.66	0.000597977758
17781.04	0.000602668497
17786.43	0.000588519006
17791.81	0.000581527168
17797.19	0.000604009372
17802.58	0.000613883066
17807.96	0.000588018570
17813.34	0.000590809271
17818.73	0.000581301745
17824.11	0.000589671734
17829.49	0.000625839124
17834.88	0.000588032809
17840.26	0.000594422998
17845.64	0.000604745321
17851.03	0.000592099278
17856.41	0.000573010604
17861.79	0.000598902096
17867.18	0.000602478109
17872.56	0.000591913237
17877.94	0.000605831119
17883.33	0.000597695786
17888.71	0.000575583270
17894.09	0.000576786687
17899.48	0.000571491033
17904.86	0.000558490594
17910.24	0.000561396581
17915.62	0.000571788657
17921.01	0.000590337680
17926.39	0.000563562341
17931.77	0.000599758969
17937.16	0.000606464243
17942.54	0.000606561624
17947.92	0.000643339649
17953.31	0.000608893692
17958.69	0.000594216453
17964.07	0.000583267866
17969.46	0.000625397525
17974.84	0.000633738265
17980.22	0.000626733912
17985.61	0.000576909837
17990.99	0.000597975597
17996.37	0.000582752938
18001.76	0.000568197389
18007.14	0.000583776848
18012.52	0.000603444529
18017.91	0.000600205453
18023.29	0.000603284991
18028.67	0.000594386249
18034.06	0.000612300687
18039.44	0.000615581027
18044.82	0.000602916855
18050.21	0.000590383276
18055.59	0.000618925874
18060.97	0.000599420219
18066.36	0.000574591777
18071.74	0.000546365681
18077.12	0.000574723137
18082.51	0.000566853087
18087.89	0.000585043626
18093.27	0.000594751086
18098.66	0.000604945169
18104.04	0.000596000794
18109.42	0.000609896643
18114.81	0.000597226744
18120.19	0.000592334136
18125.57	0.000598032659
18130.96	0.000596645588
18136.34	0.000576825288
18141.72	0.000571591855
18147.11	0.000592294358
18152.49	0.000594856720
18157.87	0.000600810752
18163.26	0.000587017110
18168.64	0.000586914730
18174.02	0.000589541015
18179.41	0.000575802385
18184.79	0.000569709879
18190.17	0.000580614404
18195.56	0.000619750910
18200.94	0.000605123028
18206.32	0.000571606842
18211.71	0.000597949125
18217.09	0.000603741245
18222.47	0.000581777716
18227.86	0.000567560768
18233.24	0.000591347740
18238.62	0.000626109892
18244.01	0.000628871571
18249.39	0.000621462530
18254.77	0.000592670152
18260.16	0.000581278473
18265.54	0.000591622336
18270.92	0.000612530920
18276.31	0.000602742739
18281.69	0.000585094916
18287.07	0.000575163183
18292.46	0.000584417135
18297.84	0.000551965388
18303.22	0.000563878769
18308.61	0.000566031240
18313.99	0.000587829776
18319.37	0.000589452228
18324.76	0.000592241518
18330.14	0.000565575418
18335.52	0.000565728558
18340.91	0.000592034476
18346.29	0.000580923406
18351.67	0.000600610363
18357.06	0.000594876690
18362.44	0.000569686050
18367.82	0.000583931219
18373.21	0.000593144945
18378.59	0.000575684782
18383.97	0.000590951710
18389.36	0.000588971213
18394.74	0.000593517164
18400.12	0.000553175018
18405.51	0.000577675913
18410.89	0.000599553529
18416.27	0.000580388563
18421.66	0.000576227386
18427.04	0.000580519496
18432.42	0.000567625546
18437.81	0.000585094354
18443.19	0.000586881320
18448.57	0.000581712847
18453.96	0.000613627593
18459.34	0.000637502620
18464.72	0.000620200147
18470.10	0.000590318575
18475.49	0.000593661026
18480.87	0.000582885599
18486.25	0.000572593875
18491.64	0.000586705882
18497.02	0.000586573625
18502.40	0.000586726762
18507.79	0.000595767640
18513.17	0.000595926415
18518.55	0.000575100135
18523.94	0.000574972025
18529.32	0.000576498072
18534.70	0.000595619441
18540.09	0.000579433652
18545.47	0.000595352792
18550.85	0.000600463547
18556.24	0.000583245524
18561.62	0.000576573414
18567.00	0.000603042679
18572.39	0.000606543678
18577.77	0.000613588819
18583.15	0.000608169906
18588.54	0.000600451198
18593.92	0.000595023349
18599.30	0.000580437672
18604.69	0.000591886386
18610.07	0.000598667890
18615.45	0.000596475403
18620.84	0.000601132437
18626.22	0.000589664655
18631.60	0.000599559202
18636.99	0.000599866741
18642.37	0.000614131789
18647.75	0.000617113662
18653.14	0.000609469552
18658.52	0.000594927455
18663.90	0.000597543068
18669.29	0.000590747162
18674.67	0.000603963206
18680.05	0.000615198626
18685.44	0.000596147854
18690.82	0.000593086213
18696.20	0.000581709827
18701.59	0.000581103772
18706.97	0.000598936247
18712.35	0.000596144110
18717.74	0.000610984836
18723.12	0.000636224127
18728.50	0.000591444076
18733.89	0.000582503100
18739.27	0.000575742055
18744.65	0.000590683614
18750.04	0.000581014849
18755.42	0.000591789395
18760.80	0.000584130413
18766.19	0.000596625520
18771.57	0.000594752473
18776.95	0.000606143988
18782.34	0.000602896604
18787.72	0.000594700524
18793.10	0.000590456911
18798.49	0.000559403104
18803.87	0.000589951383
18809.25	0.000571063831
18814.64	0.000582495718
18820.02	0.000604781979
18825.40	0.000574405265
18830.79	0.000569361301
18836.17	0.000605864793
18841.55	0.000609109115
18846.94	0.000597388879
18852.32	0.000576724152
18857.70	0.000589768281
18863.09	0.000581033041
18868.47	0.000601657619
18873.85	0.000597338358
18879.24	0.000580701536
18884.62	0.000593107796
18890.00	0.000614311290
18895.39	0.000588049346
18900.77	0.000586900146
18906.15	0.000584341892
18911.54	0.000583746662
18916.92	0.000577350775
18922.30	0.000577395956
18927.69	0.000568279810
18933.07	0.000578162342
18938.45	0.000608588806
18943.84	0.000604518478
18949.22	0.000600200680
18954.60	0.000589136909
18959.99	0.000573881293
18965.37	0.000595631546
18970.75	0.000593136932
18976.14	0.000589575290
18981.52	0.000597963057
18986.90	0.000593845968
18992.29	0.000596464376
18997.67	0.000609813787
19003.05	0.000592349797
19008.44	0.000614277444
19013.82	0.000607353169
19019.20	0.000569391176
19024.58	0.000599025850
19029.97	0.000624082078
19035.35	0.000617979315
19040.73	0.000599574867
19046.12	0.000609449656
19051.50	0.000607882424
19056.88	0.000609937335
19062.27	0.000582328718
19067.65	0.000611634940
19073.03	0.000624628819
19078.42	0.000612892573
19083.80	0.000582990993
19089.18	0.000592614830
19094.57	0.000618403256
19099.95	0.000623112604
19105.33	0.000579535147
19110.72	0.000570216247
19116.10	0.000560112863
19121.48	0.000559476187
19126.87	0.000589289932
19132.25	0.000602574839
19137.63	0.000583572765
19143.02	0.000576904007
19148.40	0.000579104454
19153.78	0.000553824386
19159.17	0.000594459839
19164.55	0.000590710650
19169.93	0.000608467746
19175.32	0.000587955216
19180.70	0.000569438062
19186.08	0.000588146117
19191.47	0.000596624886
19196.85	0.000600721481
19202.23	0.000600751003
19207.62	0.000589212310
19213.00	0.000576080380
19218.38	0.000588000140
19223.77	0.000584396506
19229.15	0.000598657762
19234.53	0.000581148343
19239.92	0.000580008801
19245.30	0.000593839733
19250.68	0.000588717060
19256.07	0.000625052061
19261.45	0.000632007812
19266.83	0.000600346490
19272.22	0.000594092250
19277.60	0.000571768598
19282.98	0.000558252437
19288.37	0.000605461529
19293.75	0.000599925591
19299.13	0.000586250738
19304.52	0.000607922802
19309.90	0.000597598987
19315.28	0.000595503457
19320.67	0.000594195044
19326.05	0.000585205038
19331.43	0.000575169686
19336.82	0.000588440791
19342.20	0.000618791620
19347.58	0.000602009850
19352.97	0.000612177663
19358.35	0.000620131127
19363.73	0.000617826254
19369.12	0.000612929150
19374.50	0.000585641879
19379.88	0.000588627001
19385.27	0.000580764003
19390.65	0.000584340882
19396.03	0.000581949731
19401.42	0.000594279054
19406.80	0.000575472882
19412.18	0.000553711016
19417.57	0.000585147192
19422.95	0.000585656878
19428.33	0.000598359411
19433.72	0.000581166233
19439.10	0.000587838691
19444.48	0.000593012580
19449.87	0.000571360273
19455.25	0.000557041818
19460.63	0.000574593303
19466.02	0.000588901172
19471.40	0.000594007865
19476.78	0.000602642579
19482.17	0.000621715154
19487.55	0.000595001931
19492.93	0.000593241603
19498.32	0.000585135073
19503.70	0.000599509189
19509.08	0.000589593606
19514.47	0.000561293698
19519.85	0.000566966747
19525.23	0.000564987340
19530.62	0.000551921097
19536.00	0.000593980964
19541.38	0.000586205362
19546.77	0.000566569617
19552.15	0.000578023006
19557.53	0.000598647234
19562.92	0.000612844043
19568.30	0.000606708833
19573.68	0.000594264590
19579.06	0.000605405490
19584.45	0.000586156482
19589.83	0.000579776821
19595.21	0.000591167843
19600.60	0.000585327004
19605.98	0.000576420161
19611.36	0.000597846248
19616.75	0.000591685166
19622.13	0.000578798313
19627.51	0.000585555744
19632.90	0.000617955083
19638.28	0.000626064241
19643.66	0.000594203658
19649.05	0.000604169967
19654.43	0.000604723379
19659.81	0.000608676817
19665.20	0.000592445559
19670.58	0.000578397686
19675.96	0.000592278580
19681.35	0.000613628152
19686.73	0.000619109713
19692.11	0.000611052217
19697.50	0.000602386430
19702.88	0.000595114893
19708.26	0.000596155673
19713.65	0.000579468347
19719.03	0.000577555317
19724.41	0.000572649415
19729.80	0.000574488142
19735.18	0.000579249217
19740.56	0.000608926811
19745.95	0.000602557327
19751.33	0.000603176115
19756.71	0.000590849536
19762.10	0.000599991883
19767.48	0.000586654317
19772.86	0.000595698299
19778.25	0.000605939748
19783.63	0.000607179093
19789.01	0.000588592167
19794.40	0.000586619359
19799.78	0.000601542490
19805.16	0.000594921311
19810.55	0.000589606918
19815.93	0.000589641450
19821.31	0.000589459059
19826.70	0.000598435317
19832.08	0.000599409144
19837.46	0.000602999979
19842.85	0.000606716894
19848.23	0.000586451075
19853.61	0.000573657746
19859.00	0.000565017944
19864.38	0.000567013815
19869.76	0.000598976892
19875.15	0.000620633737
19880.53	0.000605381121
19885.91	0.000621763708
19891.30	0.000602375863
19896.68	0.000620517695
19902.06	0.000619300647
19907.45	0.000607136471
19912.83	0.000584804718
19918.21	0.000586734936
19923.60	0.000600480083
19928.98	0.000598853225
19934.36	0.000612608018
19939.75	0.000583431484
19945.13	0.000574246389
19950.51	0.000596284195
19955.90	0.000593328819
19961.28	0.000592549822
19966.66	0.000592101620
19972.05	0.000590196476
19977.43	0.000586042882
19982.81	0.000602393311
19988.20	0.000594472052
19993.58	0.000615359230
19998.96	0.000587975716
20004.35	0.000569176069
20009.73	0.000592486511
20015.11	0.000578887430
20020.50	0.000572020719
20025.88	0.000593785540
20031.26	0.000603278261
20036.65	0.000602456094
20042.03	0.000622859784
20047.41	0.000625854292
20052.80	0.000596102375
20058.18	0.000580125433
20063.56	0.000575256974
20068.95	0.000573378852
20074.33	0.000574547075
20079.71	0.000577119789
20085.10	0.000599474666
20090.48	0.000619134805
20095.86	0.000585254311
20101.25	0.000580097341
20106.63	0.000588200085
20112.01	0.000579982451
20117.40	0.000573101280
20122.78	0.000571277436
20128.16	0.000580122690
20133.54	0.000577675640
20138.93	0.000589528923
20144.31	0.000591106457
20149.69	0.000625863814
20155.08	0.000598070218
20160.46	0.000586941121
20165.84	0.000576291754
20171.23	0.000611140578
20176.61	0.000613953348
20181.99	0.000569164263
20187.38	0.000554430368
20192.76	0.000568339289
20198.14	0.000580692221
20203.53	0.000579833294
20208.91	0.000574320841
20214.29	0.000577529606
20219.68	0.000586226692
20225.06	0.000599825227
20230.44	0.000584186208
20235.83	0.000591520532
20241.21	0.000598742957
20246.59	0.000605972695
20251.98	0.000631160991
20257.36	0.000630852227
20262.74	0.000603198760
20268.13	0.000594544642
20273.51	0.000629102106
20278.89	0.000580843296
20284.28	0.000541757339
20289.66	0.000562351651
20295.04	0.000589096909
20300.43	0.000601480030
20305.81	0.000581134609
20311.19	0.000572165913
20316.58	0.000611564820
20321.96	0.000619768796
20327.34	0.000590122845
20332.73	0.000584732785
20338.11	0.000581501888
20343.49	0.000578639185
20348.88	0.000579518473
20354.26	0.000599891571
20359.64	0.000584245047
20365.03	0.000584690259
20370.41	0.000604212897
20375.79	0.000603578399
20381.18	0.000631768243
20386.56	0.000595438666
20391.94	0.000593327007
20397.33	0.000591251544
20402.71	0.000595969522
20408.09	0.000623751872
20413.48	0.000604420790
20418.86	0.000592444442
20424.24	0.000597707791
20429.63	0.000610722738
20435.01	0.000583418796
20440.39	0.000593020725
20445.78	0.000593677029
20451.16	0.000580647454
20456.54	0.000560227484
20461.93	0.000570499879
20467.31	0.000586668393
20472.69	0.000606760824
20478.08	0.000607010435
20483.46	0.000598568188
20488.84	0.000603394184
20494.23	0.000576027467
20499.61	0.000540236310
20504.99	0.000568861164
20510.38	0.000585575030
20515.76	0.000588958182
20521.14	0.000580445262
20526.53	0.000614379388
20531.91	0.000638772528
20537.29	0.000615050700
20542.68	0.000594311496
20548.06	0.000614249473
20553.44	0.000611807860
20558.83	0.000607687020
20564.21	0.000605231933
20569.59	0.000584908204
20574.98	0.000614171900
20580.36	0.000612053167
20585.74	0.000583642006
20591.13	0.000578714664
20596.51	0.000615362025
20601.89	0.000602634005
20607.28	0.000579441589
20612.66	0.000589367181
20618.04	0.000597261317
20623.43	0.000595763940
20628.81	0.000622861053
20634.19	0.000639035114
20639.58	0.000614542516
20644.96	0.000591868918
20650.34	0.000598509575
20655.73	0.000607460504
20661.11	0.000590989959
20666.49	0.000586730120
20671.88	0.000590855809
20677.26	0.000595721937
20682.64	0.000633128281
20688.02	0.000638639487
20693.41	0.000610707997
20698.79	0.000585358053
20704.17	0.000581145543
20709.56	0.000570263286
20714.94	0.000562802744
20720.32	0.000590630152
20725.71	0.000571754688
20731.09	0.000577812284
20736.47	0.000603084395
20741.86	0.000617718846
20747.24	0.000610704234
20752.62	0.000600915766
20758.01	0.000584983142
20763.39	0.000588938710
20768.77	0.000592029956
20774.16	0.000600010060
20779.54	0.000633855618
20784.92	0.000621880626
20790.31	0.000622824737
20795.69	0.000601220603
20801.07	0.000591574691
20806.46	0.000607540560
20811.84	0.000590807872
20817.22	0.000577255196
20822.61	0.000556484004
20827.99	0.000576510392
20833.37	0.000573439353
20838.76	0.000569520591
20844.14	0.000606139533
20849.52	0.000599265014
20854.91	0.000589052334
20860.29	0.000578722069
20865.67	0.000574923876
20871.06	0.000589762250
20876.44	0.000600567518
20881.82	0.000605108105
20887.21	0.000596150909
20892.59	0.000581543582
20897.97	0.000584617563
20903.36	0.000590181083
20908.74	0.000575014209
20914.12	0.000561915036
20919.51	0.000592031134
20924.89	0.000589365399
20930.27	0.000594147757
20935.66	0.000578352859
20941.04	0.000575618420
20946.42	0.000598122384
20951.81	0.000606352355
20957.19	0.000571144059
20962.57	0.000582243206
20967.96	0.000584649190
20973.34	0.000570579202
20978.72	0.000569490620
20984.11	0.000576091054
20989.49	0.000608324580
20994.87	0.000569083127
21000.26	0.000578331602
21005.64	0.000597568260
21011.02	0.000573450728
21016.41	0.000590393392
21021.79	0.000594359933
21027.17	0.000606121292
21032.56	0.000600958501
21037.94	0.000603411560
21043.32	0.000585568027
21048.71	0.000573243487
21054.09	0.000564260838
21059.47	0.000551647676
21064.86	0.000590487861
21070.24	0.000604654332
21075.62	0.000622115774
21081.01	0.000614061671
21086.39	0.000579325502
21091.77	0.000601855225
21097.16	0.000614877770
21102.54	0.000577066179
21107.92	0.000568730004
21113.31	0.000580755136
21118.69	0.000544447574
21124.07	0.000555141283
21129.46	0.000601247547
21134.84	0.000610442948
21140.22	0.000581530931
21145.61	0.000579708605
21150.99	0.000598911402
21156.37	0.000596227762
21161.76	0.000588171469
21167.14	0.000575218635
21172.52	0.000577692737
21177.91	0.000610450352
21183.29	0.000622482448
21188.67	0.000608037843
21194.06	0.000629414398
21199.44	0.000601910542
21204.82	0.000572015023
21210.21	0.000576564201
21215.59	0.000596640081
21220.97	0.000626678001
21226.35	0.000622307726
21231.74	0.000606367073
21237.12	0.000612980847
21242.50	0.000603787140
21247.89	0.000592479612
21253.27	0.000614680837
21258.65	0.000589071694
21264.04	0.000578870224
21269.42	0.000576658731
21274.80	0.000574956927
21280.19	0.000590816088
21285.57	0.000588694900
21290.95	0.000592398250
21296.34	0.000589349262
21301.72	0.000569951365
21307.10	0.000592929667
21312.49	0.000637650745
21317.87	0.000615504630
21323.25	0.000593720566
21328.64	0.000600700193
21334.02	0.000589906003
21339.40	0.000576007876
21344.79	0.000577329206
21350.17	0.000600203716
21355.55	0.000586133909
21360.94	0.000591772482
21366.32	0.000591860484
21371.70	0.000594192409
21377.09	0.000593258307
21382.47	0.000598365793
21387.85	0.000583689795
21393.24	0.000576506990
21398.62	0.000570283224
21404.00	0.000569448857
21409.39	0.000595962828
21414.77	0.000582885258
21420.15	0.000585334209
21425.54	0.000592127896
21430.92	0.000586751279
21436.30	0.000591254511
21441.69	0.000608808802
21447.07	0.000613346038
21452.45	0.000610406209
21457.84	0.000603052773
21463.22	0.000600072681
21468.60	0.000599093834
21473.99	0.000581531538
21479.37	0.000587210095
21484.75	0.000605787958
21490.14	0.000604955156
21495.52	0.000606194113
21500.90	0.000596259933
21506.29	0.000610194099
21511.67	0.000616491358
21517.05	0.000585225878
21522.44	0.000591195976
21527.82	0.000602980760
21533.20	0.000590447996
21538.59	0.000571799275
21543.97	0.000589752226
21549.35	0.000575372828
21554.74	0.000567373570
21560.12	0.000602445951
21565.50	0.000592004472
21570.89	0.000587117476
21576.27	0.000593133024
21581.65	0.000572728452
21587.04	0.000610418777
21592.42	0.000612905028
21597.80	0.000606684231
21603.19	0.000609093862
21608.57	0.000607196262
21613.95	0.000625877116
21619.34	0.000595180281
21624.72	0.000590375950
21630.10	0.000603704070
21635.49	0.000567112566
21640.87	0.000578011252
21646.25	0.000596364640
21651.64	0.000594102202
21657.02	0.000609786712
21662.40	0.000620705951
21667.79	0.000618028607
21673.17	0.000605446763
21678.55	0.000599768939
21683.94	0.000577689011
21689.32	0.000587724858
21694.70	0.000595557180
21700.09	0.000599103029
21705.47	0.000588705834
21710.85	0.000579879232
21716.24	0.000590608871
21721.62	0.000575100285
21727.00	0.000581723262
21732.39	0.000588252986
21737.77	0.000566020188
21743.15	0.000585789410
21748.54	0.000590564381
21753.92	0.000580852916
21759.30	0.000578195510
21764.69	0.000594587850
21770.07	0.000607344175
21775.45	0.000592511408
21780.83	0.000588153424
21786.22	0.000608218817
21791.60	0.000614139883
21796.98	0.000592196475
21802.37	0.000581130107
21807.75	0.000606161743
21813.13	0.000627360843
21818.52	0.000594996792
21823.90	0.000581671974
21829.28	0.000602376903
21834.67	0.000586214932
21840.05	0.000577697772
21845.43	0.000604062721
21850.82	0.000615295289
21856.20	0.000594144835
21861.58	0.000592947661
21866.97	0.000584934412
21872.35	0.000586670879
21877.73	0.000601215689
21883.12	0.000604758593
21888.50	0.000579969915
21893.88	0.000575854308
21899.27	0.000588978418
21904.65	0.000579633538
21910.03	0.000592519314
21915.42	0.000615180049
21920.80	0.000621508011
21926.18	0.000612624753
21931.57	0.000604463746
21936.95	0.000600344984
21942.33	0.000558519372
21947.72	0.000595243392
21953.10	0.000615124460
21958.48	0.000607114349
21963.87	0.000595634094
21969.25	0.000599199185
21974.63	0.000594554067
21980.02	0.000595850871
21985.40	0.000610469385
21990.78	0.000590350495
21996.17	0.000583225860
22001.55	0.000604544880
22006.93	0.000593065014
22012.32	0.000590532236
22017.70	0.000554434173
22023.08	0.000566289076
22028.47	0.000574939842
22033.85	0.000606549555
22039.23	0.000609880960
22044.62	0.000602175673
22050.00	0.000000000000
