0.00	nan	nan	nan	nan	nan
10.77	-98.49	-111.12	-104.82	-92.88	-76.58
21.53	-97.04	-111.60	-104.88	-92.80	-76.64
32.30	-95.30	-111.54	-105.04	-92.70	-76.56
43.07	-92.97	-111.53	-104.85	-92.44	-76.76
53.83	-90.28	-111.36	-104.71	-92.53	-76.75
64.60	-87.21	-111.38	-104.71	-92.58	-76.67
75.37	-83.66	-111.39	-104.58	-92.76	-76.78
86.13	-79.56	-111.13	-104.75	-92.79	-76.63
96.90	-74.62	-111.05	-104.79	-93.19	-76.51
107.67	-68.51	-110.94	-105.05	-92.81	-76.28
118.43	-60.37	-110.76	-104.96	-92.93	-76.49
129.20	-47.86	-110.73	-104.80	-92.79	-76.34
139.97	-15.17	-110.17	-104.74	-92.58	-76.45
150.73	-10.03	-110.12	-104.81	-92.63	-76.49
161.50	-16.95	-109.20	-104.72	-92.99	-76.34
172.27	-50.03	-109.00	-104.52	-92.87	-76.22
183.03	-61.65	-107.19	-104.56	-92.49	-76.42
193.80	-69.43	-105.99	-104.74	-92.35	-76.27
204.57	-75.36	-103.49	-104.70	-92.69	-76.43
215.33	-80.15	-100.81	-104.66	-92.68	-76.72
226.10	-84.19	-97.41	-104.97	-92.70	-76.50
236.87	-87.67	-93.38	-105.07	-93.08	-76.48
247.63	-90.73	-88.41	-104.88	-93.01	-76.61
258.40	-93.46	-82.20	-104.76	-92.63	-76.54
269.17	-95.86	-73.88	-105.21	-92.84	-76.31
279.93	-98.14	-60.87	-105.17	-92.74	-76.45
290.70	-100.06	-34.40	-104.99	-92.90	-77.02
301.46	-101.85	-30.10	-104.72	-92.88	-77.24
312.23	-103.56	-37.97	-104.90	-92.75	-76.86
323.00	-104.91	-65.22	-104.77	-92.61	-76.46
333.76	-106.20	-76.45	-104.98	-92.95	-76.50
344.53	-107.29	-84.05	-104.76	-92.64	-76.78
355.30	-108.14	-89.84	-104.83	-92.58	-76.74
366.06	-108.92	-94.61	-105.27	-93.04	-76.60
376.83	-109.65	-98.28	-105.18	-92.96	-76.51
387.60	-110.09	-101.74	-105.10	-92.82	-76.41
398.36	-110.90	-104.14	-104.99	-92.83	-76.27
409.13	-111.28	-106.17	-104.97	-92.76	-76.74
419.90	-111.43	-108.02	-104.69	-92.70	-76.37
430.66	-111.61	-108.72	-105.11	-92.94	-76.29
441.43	-111.87	-109.52	-105.08	-92.84	-76.33
452.20	-112.09	-110.22	-104.88	-92.84	-76.33
462.96	-112.36	-110.44	-104.85	-93.11	-76.41
473.73	-112.51	-110.91	-104.82	-93.17	-76.63
484.50	-112.35	-110.87	-104.87	-93.09	-76.38
495.26	-112.32	-111.05	-104.90	-93.16	-76.15
506.03	-112.41	-111.52	-105.02	-93.21	-76.41
516.80	-112.38	-111.29	-105.14	-93.07	-76.71
527.56	-112.68	-111.20	-105.04	-93.21	-76.58
538.33	-112.96	-111.40	-105.08	-93.24	-76.54
549.10	-112.25	-111.64	-105.20	-93.29	-76.54
559.86	-112.39	-111.54	-105.40	-92.89	-76.49
570.63	-112.26	-111.05	-105.26	-93.03	-76.69
581.40	-112.40	-111.17	-105.20	-93.35	-76.40
592.16	-112.76	-111.47	-105.31	-93.21	-76.22
602.93	-112.52	-111.47	-105.39	-93.47	-76.28
613.70	-112.45	-111.28	-105.48	-93.45	-76.58
624.46	-112.55	-111.58	-105.34	-93.20	-76.76
635.23	-112.59	-111.41	-105.55	-93.08	-76.53
646.00	-112.49	-111.21	-105.18	-93.21	-76.29
656.76	-112.48	-111.07	-104.96	-93.31	-76.26
667.53	-112.27	-111.21	-105.12	-93.08	-76.39
678.30	-112.65	-111.44	-105.48	-93.01	-76.35
689.06	-112.68	-111.38	-105.47	-93.20	-76.41
699.83	-112.53	-111.25	-105.43	-93.37	-76.68
710.60	-112.54	-111.49	-105.43	-93.43	-76.78
721.36	-112.83	-111.52	-105.38	-93.55	-76.59
732.13	-112.77	-111.34	-105.46	-93.57	-76.40
742.90	-112.61	-111.24	-105.38	-93.65	-76.36
753.66	-112.70	-111.20	-105.30	-93.36	-76.18
764.43	-112.48	-111.21	-105.40	-93.34	-76.41
775.20	-112.62	-111.32	-105.60	-93.68	-76.38
785.96	-112.69	-111.36	-106.02	-93.86	-76.20
796.73	-112.71	-111.37	-105.86	-93.66	-76.19
807.50	-112.60	-111.13	-105.69	-93.61	-76.37
818.26	-112.88	-111.38	-105.57	-93.79	-76.37
829.03	-112.81	-111.33	-105.46	-93.64	-76.61
839.79	-112.64	-111.44	-105.42	-93.65	-76.38
850.56	-112.79	-111.74	-104.33	-94.06	-76.29
861.33	-112.47	-111.49	-101.29	-93.90	-76.49
872.09	-112.27	-111.16	-93.42	-93.93	-76.69
882.86	-112.25	-110.95	-78.06	-94.02	-76.80
893.63	-112.74	-111.14	-62.00	-93.77	-76.42
904.39	-112.92	-111.27	-60.94	-93.72	-76.39
915.16	-112.72	-111.34	-73.13	-93.80	-76.67
925.93	-112.77	-111.30	-91.42	-93.86	-76.88
936.69	-112.73	-111.20	-100.06	-94.27	-76.45
947.46	-112.28	-111.20	-104.16	-94.49	-76.45
958.23	-112.31	-111.47	-105.32	-94.36	-76.44
968.99	-112.36	-111.46	-105.82	-94.45	-76.54
979.76	-112.38	-111.07	-106.14	-94.27	-76.63
990.53	-112.40	-111.01	-105.88	-94.13	-76.69
1001.29	-112.55	-111.14	-105.99	-94.28	-76.40
1012.06	-112.44	-111.37	-106.01	-94.30	-76.29
1022.83	-112.45	-111.31	-105.86	-93.98	-76.61
1033.59	-112.37	-111.26	-106.03	-94.04	-76.45
1044.36	-112.39	-111.13	-106.28	-94.12	-76.49
1055.13	-112.15	-111.19	-106.48	-94.22	-76.48
1065.89	-112.42	-111.21	-106.27	-94.48	-76.68
1076.66	-112.30	-110.97	-106.02	-94.47	-76.70
1087.43	-112.42	-111.13	-106.12	-94.11	-76.39
1098.19	-112.73	-111.00	-106.39	-94.29	-76.42
1108.96	-112.65	-110.92	-106.61	-94.70	-76.40
1119.73	-112.65	-111.03	-106.66	-94.57	-76.64
1130.49	-112.65	-111.27	-106.59	-94.73	-76.57
1141.26	-112.86	-111.39	-106.69	-94.75	-76.46
1152.03	-113.07	-111.33	-106.67	-94.75	-76.36
1162.79	-112.81	-111.25	-106.78	-94.57	-76.44
1173.56	-112.79	-111.38	-106.86	-94.80	-76.54
1184.33	-112.76	-111.33	-106.77	-94.95	-76.59
1195.09	-112.71	-111.24	-106.79	-94.79	-76.83
1205.86	-112.80	-111.13	-106.88	-94.66	-76.62
1216.63	-112.54	-111.06	-107.13	-94.87	-76.39
1227.39	-112.46	-111.14	-106.90	-94.78	-76.58
1238.16	-112.66	-111.07	-106.81	-95.18	-76.37
1248.93	-112.77	-111.18	-106.78	-95.24	-76.58
1259.69	-113.02	-111.11	-106.98	-94.98	-76.62
1270.46	-112.62	-111.32	-107.17	-95.13	-76.69
1281.23	-112.47	-111.32	-107.04	-95.28	-76.52
1291.99	-112.84	-111.31	-107.18	-95.00	-76.44
1302.76	-112.73	-111.27	-107.19	-95.20	-76.38
1313.53	-112.52	-111.36	-107.47	-95.07	-76.25
1324.29	-112.44	-111.52	-107.33	-95.07	-76.40
1335.06	-112.43	-111.29	-107.19	-95.30	-76.49
1345.83	-112.70	-111.10	-107.31	-95.27	-76.71
1356.59	-112.67	-111.01	-107.31	-95.43	-76.60
1367.36	-112.61	-111.09	-107.12	-95.49	-76.40
1378.12	-112.61	-111.21	-107.05	-95.55	-76.31
1388.89	-112.60	-111.52	-107.05	-95.73	-76.37
1399.66	-112.41	-111.51	-107.36	-95.71	-76.52
1410.42	-112.55	-111.44	-107.62	-95.54	-76.83
1421.19	-112.51	-111.32	-107.81	-95.43	-76.83
1431.96	-112.54	-111.43	-107.81	-95.72	-76.63
1442.72	-112.71	-111.27	-107.70	-95.57	-76.53
1453.49	-112.87	-111.12	-107.50	-95.62	-76.55
1464.26	-112.91	-111.11	-107.52	-95.78	-76.79
1475.02	-112.59	-111.23	-107.74	-95.76	-76.50
1485.79	-112.56	-111.48	-107.80	-95.60	-76.27
1496.56	-112.66	-111.15	-107.87	-95.78	-76.39
1507.32	-112.63	-111.05	-107.99	-96.04	-76.50
1518.09	-112.52	-111.20	-107.91	-95.95	-76.55
1528.86	-112.55	-111.27	-108.26	-96.08	-76.60
1539.62	-112.96	-111.28	-108.50	-95.99	-76.78
1550.39	-112.93	-111.14	-108.39	-95.85	-76.84
1561.16	-112.80	-110.84	-107.88	-95.89	-76.45
1571.92	-112.89	-111.03	-108.04	-95.99	-76.60
1582.69	-112.82	-111.24	-107.96	-96.16	-76.57
1593.46	-112.52	-111.08	-108.07	-96.38	-76.86
1604.22	-112.74	-111.47	-107.92	-96.49	-76.92
1614.99	-112.53	-111.00	-108.14	-96.15	-76.30
1625.76	-112.53	-111.00	-108.31	-96.56	-76.29
1636.52	-112.76	-111.35	-108.33	-96.56	-76.42
1647.29	-112.42	-111.26	-108.28	-96.56	-76.75
1658.06	-112.59	-111.24	-108.41	-96.66	-76.83
1668.82	-112.60	-111.39	-108.57	-96.67	-76.42
1679.59	-112.58	-111.25	-108.88	-96.46	-76.40
1690.36	-112.60	-111.27	-108.58	-96.68	-76.52
1701.12	-112.94	-111.06	-108.37	-96.59	-76.49
1711.89	-113.00	-111.04	-108.86	-96.56	-76.51
1722.66	-112.58	-111.16	-108.80	-96.71	-76.51
1733.42	-112.59	-111.12	-108.83	-96.88	-76.51
1744.19	-112.71	-110.98	-108.84	-96.68	-76.39
1754.96	-112.67	-111.04	-108.96	-96.80	-76.19
1765.72	-112.48	-111.11	-109.21	-96.98	-76.46
1776.49	-112.52	-110.89	-109.39	-96.91	-76.30
1787.26	-112.51	-111.06	-109.24	-97.02	-76.45
1798.02	-112.62	-111.07	-109.20	-96.53	-76.55
1808.79	-112.38	-111.21	-109.22	-96.70	-76.42
1819.56	-112.66	-111.51	-109.11	-96.70	-76.47
1830.32	-112.49	-111.37	-109.48	-96.64	-76.28
1841.09	-112.63	-111.31	-109.36	-96.24	-76.06
1851.86	-112.43	-111.16	-109.29	-96.21	-76.42
1862.62	-112.63	-110.91	-109.40	-95.38	-76.81
1873.39	-112.81	-111.03	-109.56	-94.49	-76.51
1884.16	-112.80	-111.23	-109.39	-93.03	-76.24
1894.92	-112.74	-111.34	-109.48	-91.36	-76.37
1905.69	-112.74	-111.26	-109.74	-88.95	-76.59
1916.46	-112.91	-111.02	-109.44	-86.16	-76.80
1927.22	-112.76	-111.01	-109.62	-82.61	-76.65
1937.99	-112.64	-111.04	-109.94	-78.59	-76.24
1948.75	-112.63	-111.07	-110.04	-73.46	-76.25
1959.52	-112.91	-111.19	-110.13	-67.09	-76.41
1970.29	-112.77	-111.13	-109.94	-58.45	-76.34
1981.05	-112.94	-111.00	-109.98	-44.56	-76.34
1991.82	-112.63	-110.85	-109.93	-23.36	-76.30
2002.59	-112.67	-110.68	-110.05	-20.32	-76.35
2013.35	-112.46	-110.66	-110.38	-29.72	-76.39
2024.12	-112.57	-110.80	-110.73	-52.31	-76.32
2034.89	-112.45	-111.05	-110.34	-62.99	-76.58
2045.65	-112.68	-111.01	-110.45	-70.36	-76.48
2056.42	-112.70	-110.90	-110.50	-76.05	-76.61
2067.19	-112.60	-111.15	-110.68	-80.62	-76.46
2077.95	-112.83	-111.12	-110.62	-84.48	-76.71
2088.72	-113.03	-110.83	-110.48	-87.73	-76.77
2099.49	-112.83	-110.89	-110.79	-90.32	-76.41
2110.25	-112.81	-111.31	-110.83	-92.71	-76.30
2121.02	-112.63	-111.26	-110.78	-94.31	-76.29
2131.79	-112.44	-111.05	-110.70	-95.71	-76.32
2142.55	-112.24	-110.92	-110.82	-96.80	-76.52
2153.32	-112.25	-110.84	-110.95	-97.25	-76.53
2164.09	-112.56	-110.77	-111.05	-97.74	-76.68
2174.85	-112.76	-110.91	-110.98	-98.34	-76.52
2185.62	-112.75	-111.18	-110.97	-98.38	-76.48
2196.39	-112.89	-111.10	-111.26	-98.66	-76.30
2207.15	-112.64	-111.04	-111.33	-99.24	-76.35
2217.92	-112.42	-111.03	-111.34	-99.34	-76.49
2228.69	-112.55	-111.07	-111.19	-99.48	-76.50
2239.45	-112.75	-111.14	-111.27	-99.55	-76.63
2250.22	-112.66	-110.88	-111.24	-99.27	-76.49
2260.99	-112.47	-111.13	-111.38	-99.21	-76.47
2271.75	-112.34	-111.11	-111.31	-99.39	-76.37
2282.52	-112.48	-110.94	-111.14	-99.37	-76.54
2293.29	-113.00	-110.88	-111.43	-99.66	-76.48
2304.05	-112.91	-110.84	-111.61	-99.83	-76.51
2314.82	-113.00	-110.97	-111.57	-99.67	-76.49
2325.59	-113.10	-110.91	-111.90	-99.88	-76.68
2336.35	-112.98	-110.87	-111.89	-100.02	-76.79
2347.12	-112.64	-110.86	-111.92	-100.02	-76.71
2357.89	-112.57	-110.90	-112.23	-100.08	-76.58
2368.65	-112.73	-110.95	-112.14	-100.02	-76.68
2379.42	-112.60	-110.86	-112.27	-99.93	-76.28
2390.19	-112.62	-110.55	-112.32	-100.19	-76.39
2400.95	-112.54	-110.78	-112.28	-100.33	-76.36
2411.72	-112.31	-110.89	-112.37	-100.36	-76.54
2422.49	-112.44	-110.72	-112.39	-100.24	-76.32
2433.25	-112.57	-111.01	-112.40	-100.21	-76.55
2444.02	-112.78	-110.98	-112.32	-100.23	-76.60
2454.79	-112.65	-110.76	-112.45	-100.59	-76.64
2465.55	-112.66	-110.87	-112.50	-100.86	-76.57
2476.32	-112.76	-110.84	-112.75	-100.66	-76.43
2487.08	-112.77	-110.64	-112.66	-100.87	-76.25
2497.85	-112.73	-110.98	-112.79	-100.95	-76.14
2508.62	-112.87	-111.34	-112.77	-100.79	-76.44
2519.38	-112.83	-111.04	-113.09	-100.82	-76.46
2530.15	-112.33	-110.94	-113.36	-101.24	-76.32
2540.92	-112.49	-110.93	-113.32	-101.22	-76.43
2551.68	-112.92	-110.82	-113.47	-101.18	-76.54
2562.45	-112.75	-110.81	-113.33	-101.02	-76.57
2573.22	-112.15	-110.54	-113.08	-100.91	-76.37
2583.98	-112.20	-110.33	-113.29	-101.14	-76.07
2594.75	-112.33	-110.96	-113.71	-101.53	-76.43
2605.52	-112.40	-110.97	-113.55	-101.56	-76.72
2616.28	-112.66	-110.81	-113.48	-101.28	-76.42
2627.05	-112.85	-110.67	-113.26	-101.26	-76.46
2637.82	-112.65	-110.60	-113.25	-101.31	-76.56
2648.58	-112.45	-111.06	-113.55	-101.43	-76.63
2659.35	-112.56	-110.97	-113.63	-101.74	-76.62
2670.12	-112.77	-110.71	-113.94	-101.92	-76.58
2680.88	-112.43	-110.90	-113.89	-102.02	-76.58
2691.65	-112.40	-111.13	-113.86	-102.40	-76.51
2702.42	-112.31	-111.07	-114.02	-102.48	-76.40
2713.18	-112.47	-110.74	-114.02	-101.90	-76.48
2723.95	-112.99	-110.76	-114.15	-101.95	-76.57
2734.72	-112.93	-110.88	-114.17	-102.25	-76.54
2745.48	-112.81	-110.69	-114.18	-102.33	-76.64
2756.25	-112.72	-110.83	-114.20	-102.14	-76.76
2767.02	-112.66	-110.89	-114.57	-102.11	-76.58
2777.78	-112.64	-110.99	-114.41	-102.26	-76.48
2788.55	-112.83	-111.02	-114.67	-102.57	-76.71
2799.32	-112.65	-111.06	-114.62	-102.74	-76.26
2810.08	-112.57	-110.89	-114.35	-102.57	-76.32
2820.85	-112.59	-110.84	-114.41	-102.56	-76.78
2831.62	-112.39	-110.75	-114.72	-102.41	-76.58
2842.38	-112.46	-111.11	-114.95	-102.10	-76.55
2853.15	-112.58	-110.88	-115.01	-102.48	-76.67
2863.92	-112.47	-110.68	-114.84	-103.19	-76.81
2874.68	-112.40	-110.84	-114.87	-103.21	-76.60
2885.45	-112.78	-111.14	-114.92	-102.85	-76.56
2896.22	-112.71	-110.80	-115.04	-103.00	-76.34
2906.98	-112.66	-110.89	-115.13	-103.30	-76.64
2917.75	-112.87	-110.79	-115.16	-103.29	-76.52
2928.52	-112.72	-110.59	-115.15	-103.40	-76.44
2939.28	-113.00	-110.83	-114.85	-103.15	-76.73
2950.05	-112.98	-111.20	-115.20	-102.86	-76.39
2960.82	-112.52	-110.91	-115.42	-103.00	-76.40
2971.58	-112.29	-110.53	-115.38	-103.26	-76.57
2982.35	-112.58	-110.35	-115.39	-103.08	-76.73
2993.12	-112.52	-110.42	-115.26	-103.22	-76.64
3003.88	-112.34	-110.74	-115.48	-103.27	-76.73
3014.65	-112.69	-110.85	-115.68	-103.45	-76.33
3025.42	-112.82	-110.76	-115.80	-103.83	-76.32
3036.18	-112.76	-110.63	-115.59	-103.85	-76.75
3046.95	-112.53	-110.41	-115.63	-103.74	-76.56
3057.71	-112.88	-110.53	-115.81	-103.81	-76.49
3068.48	-112.66	-110.68	-115.36	-103.84	-76.40
3079.25	-112.86	-110.70	-115.29	-103.62	-76.46
3090.01	-112.49	-110.56	-115.57	-103.44	-76.45
3100.78	-112.33	-110.49	-115.65	-103.70	-76.69
3111.55	-112.45	-110.53	-115.94	-103.75	-76.68
3122.31	-112.52	-110.76	-116.00	-103.74	-76.69
3133.08	-112.48	-110.59	-116.02	-103.96	-76.51
3143.85	-112.57	-110.59	-116.01	-103.71	-76.48
3154.61	-112.82	-110.33	-116.02	-103.65	-76.55
3165.38	-112.67	-110.39	-116.21	-103.83	-76.74
3176.15	-112.68	-110.49	-116.27	-104.01	-76.81
3186.91	-112.75	-110.55	-115.90	-104.10	-76.41
3197.68	-112.75	-110.40	-115.79	-104.14	-76.45
3208.45	-112.53	-110.52	-116.16	-103.95	-76.78
3219.21	-112.37	-110.44	-116.25	-103.88	-76.64
3229.98	-112.69	-110.52	-116.17	-104.26	-76.74
3240.75	-112.61	-110.79	-116.11	-104.27	-76.76
3251.51	-112.39	-110.94	-116.22	-104.04	-76.78
3262.28	-112.85	-110.83	-116.17	-104.34	-76.72
3273.05	-112.61	-110.42	-115.89	-104.24	-76.50
3283.81	-112.66	-110.42	-116.03	-104.05	-76.50
3294.58	-112.80	-110.63	-116.41	-103.90	-76.22
3305.35	-112.83	-110.58	-116.22	-104.12	-76.28
3316.11	-112.71	-110.42	-116.05	-104.29	-76.46
3326.88	-112.68	-110.51	-116.04	-104.47	-76.30
3337.65	-112.61	-110.49	-116.18	-104.13	-76.28
3348.41	-112.52	-110.60	-116.20	-104.03	-76.54
3359.18	-112.76	-110.31	-116.15	-104.44	-76.85
3369.95	-112.53	-110.27	-116.35	-104.38	-76.75
3380.71	-112.31	-110.69	-116.43	-104.40	-76.38
3391.48	-112.53	-110.60	-116.03	-104.59	-76.30
3402.25	-113.04	-110.77	-116.07	-104.47	-76.41
3413.01	-112.89	-110.72	-116.23	-104.15	-76.33
3423.78	-112.61	-110.66	-115.99	-103.77	-76.15
3434.55	-112.54	-110.34	-115.80	-103.58	-76.21
3445.31	-112.69	-110.33	-115.94	-103.96	-76.42
3456.08	-112.55	-110.49	-115.93	-103.87	-76.59
3466.85	-112.91	-110.46	-116.01	-103.80	-76.41
3477.61	-112.73	-110.61	-115.79	-103.83	-76.27
3488.38	-112.92	-110.66	-116.05	-103.90	-76.29
3499.15	-112.66	-110.60	-116.14	-103.90	-76.49
3509.91	-112.50	-110.56	-115.93	-103.60	-76.28
3520.68	-112.70	-110.42	-115.96	-103.56	-76.24
3531.45	-112.73	-110.40	-115.74	-103.81	-76.57
3542.21	-112.80	-110.50	-115.63	-103.72	-76.49
3552.98	-112.73	-110.45	-115.91	-103.69	-76.47
3563.75	-112.85	-110.55	-116.05	-103.72	-76.59
3574.51	-112.72	-110.52	-116.01	-103.64	-76.55
3585.28	-112.48	-110.36	-115.78	-103.49	-76.38
3596.04	-112.56	-110.46	-115.63	-103.44	-76.48
3606.81	-112.68	-110.65	-115.86	-103.71	-76.43
3617.58	-112.68	-110.41	-115.67	-103.82	-76.24
3628.34	-112.68	-110.34	-115.57	-103.92	-76.46
3639.11	-112.78	-110.50	-115.92	-103.80	-76.49
3649.88	-112.88	-110.57	-115.82	-103.65	-76.52
3660.64	-113.13	-110.31	-115.80	-103.50	-76.42
3671.41	-112.95	-110.37	-115.85	-103.57	-76.51
3682.18	-112.87	-110.46	-115.53	-103.70	-76.61
3692.94	-112.96	-110.52	-115.53	-103.26	-76.42
3703.71	-113.06	-110.26	-115.36	-103.13	-76.38
3714.48	-112.79	-109.79	-115.34	-103.31	-76.39
3725.24	-112.58	-109.90	-115.32	-103.36	-76.54
3736.01	-112.65	-110.25	-115.37	-103.44	-76.63
3746.78	-112.82	-110.27	-115.27	-103.41	-76.60
3757.54	-112.93	-110.19	-115.26	-103.41	-76.50
3768.31	-112.73	-110.21	-115.28	-103.22	-76.62
3779.08	-112.76	-110.20	-115.14	-103.19	-76.67
3789.84	-112.73	-110.22	-115.21	-103.21	-76.86
3800.61	-112.59	-110.43	-114.98	-102.99	-76.71
3811.38	-112.53	-110.18	-114.89	-103.38	-76.89
3822.14	-112.48	-110.10	-114.76	-103.34	-76.75
3832.91	-112.36	-110.24	-114.93	-103.05	-76.39
3843.68	-112.54	-110.10	-114.80	-102.51	-76.47
3854.44	-112.53	-110.09	-114.76	-102.65	-76.33
3865.21	-112.78	-110.11	-114.92	-102.73	-76.53
3875.98	-112.60	-110.32	-114.98	-102.42	-76.47
3886.74	-112.48	-110.29	-114.77	-102.49	-76.29
3897.51	-112.72	-110.18	-114.41	-102.33	-76.48
3908.28	-112.73	-110.20	-114.36	-102.36	-76.51
3919.04	-112.92	-110.16	-114.54	-102.47	-76.72
3929.81	-112.67	-110.10	-114.41	-102.39	-76.49
3940.58	-112.75	-110.29	-114.20	-102.32	-76.24
3951.34	-112.85	-110.51	-114.56	-102.25	-76.56
3962.11	-112.80	-110.19	-114.56	-102.22	-76.26
3972.88	-112.65	-110.18	-114.32	-102.19	-76.65
3983.64	-112.43	-110.35	-114.07	-102.27	-76.54
3994.41	-112.53	-110.08	-114.15	-102.25	-76.65
4005.18	-112.45	-110.15	-114.08	-102.05	-76.73
4015.94	-112.76	-110.23	-113.96	-101.84	-76.56
4026.71	-112.77	-110.31	-113.94	-101.63	-76.34
4037.48	-112.62	-110.27	-113.61	-101.91	-76.66
4048.24	-112.51	-110.23	-113.58	-102.08	-76.44
4059.01	-112.29	-110.12	-113.92	-102.05	-76.37
4069.78	-112.47	-110.30	-113.89	-101.79	-76.42
4080.54	-112.36	-110.46	-113.69	-101.67	-76.55
4091.31	-112.61	-110.29	-113.85	-101.70	-76.72
4102.08	-113.01	-110.36	-113.82	-101.22	-76.68
4112.84	-112.95	-110.24	-113.81	-101.29	-76.56
4123.61	-112.57	-110.05	-113.43	-101.62	-76.69
4134.38	-112.42	-110.08	-113.55	-101.25	-76.54
4145.14	-112.58	-110.26	-113.79	-101.20	-76.28
4155.91	-112.60	-110.09	-113.54	-101.24	-76.23
4166.67	-112.82	-109.65	-113.51	-101.10	-76.18
4177.44	-112.88	-109.81	-113.43	-101.04	-76.31
4188.21	-112.38	-110.01	-113.60	-101.12	-76.33
4198.97	-112.55	-110.05	-113.35	-100.92	-76.46
4209.74	-113.05	-109.81	-113.05	-101.05	-76.51
4220.51	-112.80	-109.80	-113.13	-101.02	-76.81
4231.27	-112.81	-110.28	-113.06	-100.88	-76.64
4242.04	-112.71	-110.16	-112.93	-100.78	-76.50
4252.81	-112.76	-109.93	-112.87	-100.62	-76.39
4263.57	-112.61	-110.00	-112.76	-100.83	-76.70
4274.34	-112.58	-109.89	-112.55	-101.09	-76.77
4285.11	-112.55	-110.03	-112.65	-101.01	-76.70
4295.87	-112.65	-110.13	-112.86	-100.69	-76.74
4306.64	-112.54	-110.01	-112.66	-100.38	-76.68
4317.41	-112.64	-110.00	-112.55	-100.42	-76.50
4328.17	-112.51	-110.00	-112.53	-100.52	-76.50
4338.94	-112.36	-110.16	-112.62	-100.39	-76.48
4349.71	-112.37	-109.94	-112.77	-100.29	-76.51
4360.47	-112.25	-109.90	-112.43	-100.20	-76.26
4371.24	-112.39	-110.32	-112.48	-100.16	-76.80
4382.01	-112.85	-109.93	-112.20	-100.09	-76.60
4392.77	-112.89	-109.79	-112.19	-100.00	-76.21
4403.54	-112.36	-110.05	-112.13	-99.94	-76.40
4414.31	-112.29	-110.11	-112.03	-100.04	-76.41
4425.07	-112.67	-109.91	-112.09	-100.08	-76.19
4435.84	-112.58	-109.77	-112.26	-100.19	-76.25
4446.61	-112.66	-109.59	-112.15	-100.08	-76.42
4457.37	-112.58	-109.85	-111.84	-99.64	-76.30
4468.14	-112.71	-109.92	-111.52	-99.60	-76.23
4478.91	-112.91	-109.77	-111.66	-99.92	-76.30
4489.67	-112.64	-109.81	-111.87	-99.82	-76.48
4500.44	-112.63	-110.01	-111.60	-99.58	-76.31
4511.21	-112.32	-109.99	-111.47	-99.62	-76.40
4521.97	-112.34	-110.06	-111.61	-99.60	-76.52
4532.74	-112.52	-110.19	-111.80	-99.79	-76.57
4543.51	-112.48	-110.06	-112.08	-99.62	-76.53
4554.27	-112.61	-109.70	-111.88	-99.53	-76.35
4565.04	-112.50	-109.83	-111.42	-99.55	-76.24
4575.81	-112.47	-109.64	-111.27	-99.49	-76.32
4586.57	-112.41	-109.63	-111.29	-99.52	-76.55
4597.34	-112.64	-109.79	-111.46	-99.50	-76.65
4608.11	-112.77	-109.77	-111.46	-99.34	-76.53
4618.87	-112.89	-109.59	-111.50	-99.16	-76.43
4629.64	-112.63	-109.51	-111.46	-99.03	-76.35
4640.41	-112.73	-109.72	-111.31	-98.84	-76.37
4651.17	-112.55	-110.13	-111.13	-99.04	-76.49
4661.94	-112.52	-110.09	-110.97	-99.13	-76.49
4672.71	-112.34	-109.96	-111.01	-99.19	-76.72
4683.47	-112.35	-109.82	-111.17	-99.03	-76.64
4694.24	-112.53	-109.66	-110.96	-98.90	-76.71
4705.00	-112.69	-109.65	-110.69	-98.86	-76.61
4715.77	-112.82	-109.70	-111.00	-98.92	-76.38
4726.54	-112.66	-110.11	-110.81	-98.88	-76.30
4737.30	-112.93	-110.07	-110.57	-98.82	-76.66
4748.07	-112.70	-109.66	-110.71	-98.62	-76.61
4758.84	-112.47	-109.66	-110.71	-98.68	-76.64
4769.60	-112.42	-109.83	-110.32	-98.81	-76.62
4780.37	-112.59	-109.80	-110.46	-99.05	-76.75
4791.14	-112.91	-109.74	-110.58	-98.71	-76.80
4801.90	-112.65	-109.75	-110.38	-98.49	-76.47
4812.67	-112.56	-109.73	-110.42	-98.53	-76.49
4823.44	-112.45	-109.79	-110.45	-98.13	-76.28
4834.20	-112.48	-109.75	-110.41	-97.90	-75.98
4844.97	-112.47	-109.55	-110.63	-97.89	-76.35
4855.74	-112.47	-109.70	-110.39	-98.41	-76.75
4866.50	-112.38	-109.88	-110.26	-98.44	-76.55
4877.27	-112.88	-109.68	-110.40	-98.19	-76.69
4888.04	-113.05	-109.42	-110.40	-98.08	-76.71
4898.80	-112.70	-109.65	-110.01	-98.01	-76.57
4909.57	-112.44	-109.84	-110.06	-98.08	-76.57
4920.34	-112.42	-109.76	-110.15	-98.09	-76.49
4931.10	-112.56	-109.56	-109.81	-97.79	-76.58
4941.87	-112.50	-109.75	-109.80	-97.65	-76.37
4952.64	-112.62	-109.73	-110.00	-97.76	-76.22
4963.40	-112.34	-109.40	-109.96	-97.93	-76.37
4974.17	-112.11	-109.53	-109.70	-98.03	-76.35
4984.94	-112.19	-109.57	-109.62	-97.54	-76.23
4995.70	-112.45	-109.71	-109.63	-97.53	-76.47
5006.47	-112.37	-109.81	-109.54	-97.70	-76.91
5017.24	-112.49	-109.68	-109.71	-97.89	-76.84
5028.00	-112.87	-109.93	-109.80	-97.86	-76.50
5038.77	-113.03	-109.94	-109.65	-97.62	-76.72
5049.54	-112.84	-109.64	-109.50	-97.40	-76.56
5060.30	-112.79	-109.61	-109.24	-97.25	-76.26
5071.07	-112.92	-109.64	-109.30	-97.36	-76.50
5081.84	-112.75	-109.61	-109.33	-97.45	-76.91
5092.60	-112.93	-109.57	-109.43	-97.74	-76.84
5103.37	-112.86	-109.43	-109.48	-97.47	-76.59
5114.14	-112.66	-109.54	-109.10	-97.26	-76.47
5124.90	-112.84	-109.58	-109.11	-97.33	-76.63
5135.67	-112.63	-109.52	-109.04	-97.29	-76.55
5146.44	-112.42	-109.76	-108.93	-97.22	-76.48
5157.20	-112.63	-109.76	-108.86	-96.92	-76.33
5167.97	-112.64	-109.49	-108.79	-97.01	-76.31
5178.74	-112.53	-109.54	-108.91	-97.06	-76.62
5189.50	-112.45	-109.48	-108.99	-97.23	-76.69
5200.27	-112.51	-109.29	-109.05	-97.12	-76.56
5211.04	-112.35	-109.30	-108.78	-97.13	-76.50
5221.80	-112.62	-109.65	-109.15	-97.18	-76.46
5232.57	-112.64	-109.70	-109.26	-96.94	-76.46
5243.33	-112.55	-109.78	-108.96	-96.76	-76.27
5254.10	-112.59	-109.36	-109.02	-96.80	-76.58
5264.87	-112.70	-109.18	-108.95	-96.52	-76.49
5275.63	-113.07	-109.56	-109.05	-96.79	-76.62
5286.40	-112.93	-109.60	-108.87	-96.83	-76.44
5297.17	-112.36	-109.36	-108.95	-96.69	-76.51
5307.93	-112.21	-109.14	-108.54	-96.78	-76.71
5318.70	-112.49	-109.44	-108.42	-96.61	-76.69
5329.47	-112.62	-109.53	-108.45	-96.57	-76.50
5340.23	-112.77	-109.60	-108.28	-96.51	-76.69
5351.00	-112.73	-109.51	-108.21	-96.52	-76.94
5361.77	-112.66	-109.64	-108.32	-96.65	-76.63
5372.53	-112.83	-109.61	-108.50	-96.50	-76.63
5383.30	-112.59	-109.58	-108.54	-96.18	-76.69
5394.07	-112.29	-109.63	-108.48	-96.34	-76.69
5404.83	-112.56	-109.41	-108.45	-96.44	-76.67
5415.60	-112.60	-109.42	-108.41	-96.58	-76.76
5426.37	-112.70	-109.32	-108.41	-96.47	-76.39
5437.13	-112.64	-109.19	-108.35	-96.33	-76.34
5447.90	-112.50	-109.43	-108.36	-96.24	-76.11
5458.67	-112.33	-109.38	-107.82	-95.94	-76.35
5469.43	-112.60	-109.37	-107.96	-96.05	-76.46
5480.20	-112.90	-109.65	-108.21	-96.19	-76.66
5490.97	-112.71	-109.34	-107.98	-95.94	-76.53
5501.73	-112.35	-109.36	-108.17	-95.98	-76.51
5512.50	-112.47	-109.82	-108.21	-96.09	-76.34
5523.27	-112.47	-109.41	-107.82	-95.95	-76.29
5534.03	-112.46	-109.03	-107.88	-95.61	-76.50
5544.80	-112.76	-109.03	-107.85	-95.62	-76.67
5555.57	-112.72	-108.87	-108.12	-95.87	-76.66
5566.33	-112.67	-109.04	-108.01	-95.86	-76.68
5577.10	-112.50	-109.50	-107.88	-95.93	-76.75
5587.87	-112.47	-109.21	-107.57	-95.85	-76.80
5598.63	-112.24	-109.35	-107.76	-95.88	-76.66
5609.40	-112.21	-109.43	-107.86	-95.70	-76.39
5620.17	-112.43	-109.45	-107.97	-95.84	-76.19
5630.93	-112.48	-109.51	-108.13	-95.76	-76.27
5641.70	-112.42	-109.49	-107.97	-95.55	-76.26
5652.47	-112.49	-109.55	-107.51	-95.42	-76.32
5663.23	-112.53	-109.47	-107.36	-95.60	-76.48
5674.00	-112.76	-109.08	-107.60	-95.40	-76.64
5684.77	-112.97	-109.13	-107.76	-95.40	-76.52
5695.53	-112.85	-109.36	-107.65	-95.43	-76.46
5706.30	-112.72	-109.14	-107.38	-95.52	-76.57
5717.07	-112.82	-109.13	-107.31	-95.40	-76.66
5727.83	-112.74	-109.03	-107.25	-95.40	-76.57
5738.60	-112.32	-109.07	-107.33	-95.37	-76.56
5749.37	-112.54	-109.46	-106.73	-95.17	-76.57
5760.13	-112.85	-109.53	-106.86	-95.03	-76.33
5770.90	-112.52	-109.16	-107.17	-95.24	-76.01
5781.67	-112.41	-109.26	-106.94	-95.10	-76.58
5792.43	-112.46	-109.33	-106.97	-95.17	-76.68
5803.20	-112.80	-109.03	-107.14	-94.88	-76.74
5813.96	-112.63	-109.12	-107.25	-95.04	-76.42
5824.73	-112.53	-109.46	-107.24	-95.03	-76.50
5835.50	-112.52	-109.47	-107.26	-94.86	-76.76
5846.26	-112.66	-109.05	-107.11	-94.66	-76.65
5857.03	-112.64	-109.20	-106.90	-94.87	-76.59
5867.80	-112.86	-109.18	-106.79	-94.92	-76.40
5878.56	-112.78	-109.13	-106.87	-94.66	-76.66
5889.33	-112.77	-109.15	-107.14	-94.85	-76.82
5900.10	-112.65	-109.20	-107.03	-95.07	-76.76
5910.86	-112.34	-109.35	-107.01	-94.88	-76.55
5921.63	-112.28	-109.20	-107.06	-94.54	-76.35
5932.40	-112.53	-109.10	-106.99	-94.63	-76.12
5943.16	-112.46	-108.96	-106.92	-94.67	-75.98
5953.93	-112.41	-108.70	-106.98	-94.70	-76.19
5964.70	-112.65	-109.11	-106.73	-94.61	-76.25
5975.46	-112.69	-109.30	-106.72	-94.43	-76.58
5986.23	-112.33	-109.03	-106.64	-94.56	-76.49
5997.00	-112.49	-109.15	-106.54	-94.63	-76.44
6007.76	-112.74	-109.24	-106.74	-94.66	-76.71
6018.53	-112.70	-109.34	-106.48	-94.54	-76.62
6029.30	-112.94	-109.12	-106.50	-94.48	-76.65
6040.06	-112.77	-108.95	-106.15	-94.61	-76.60
6050.83	-112.80	-109.13	-106.22	-94.67	-76.75
6061.60	-112.68	-109.07	-106.07	-94.60	-76.66
6072.36	-112.49	-109.01	-106.31	-94.20	-76.54
6083.13	-112.55	-109.01	-106.27	-94.20	-76.27
6093.90	-112.93	-109.20	-106.34	-94.29	-76.22
6104.66	-112.58	-109.09	-106.27	-94.33	-76.27
6115.43	-112.74	-108.86	-106.29	-94.18	-76.51
6126.20	-112.61	-109.09	-106.19	-94.09	-76.48
6136.96	-112.74	-108.97	-106.25	-94.25	-76.67
6147.73	-112.84	-109.04	-106.07	-94.23	-76.63
6158.50	-112.91	-109.27	-105.92	-94.22	-76.58
6169.26	-112.80	-109.45	-106.22	-94.06	-76.79
6180.03	-113.09	-109.06	-106.35	-93.86	-76.78
6190.80	-112.78	-109.11	-106.35	-93.82	-76.80
6201.56	-112.75	-109.10	-106.22	-93.73	-76.29
6212.33	-112.53	-108.86	-106.12	-93.77	-76.39
6223.10	-112.77	-108.87	-106.23	-93.76	-76.34
6233.86	-112.74	-109.13	-105.73	-93.70	-76.35
6244.63	-112.56	-109.00	-105.72	-93.69	-76.49
6255.40	-112.32	-108.93	-105.93	-93.92	-76.44
6266.16	-112.48	-108.85	-106.01	-93.91	-76.44
6276.93	-112.57	-109.04	-105.95	-93.73	-76.26
6287.70	-112.48	-109.11	-105.81	-93.56	-76.31
6298.46	-112.79	-108.90	-105.58	-93.64	-76.37
6309.23	-112.85	-108.73	-105.64	-93.67	-76.66
6320.00	-112.69	-108.94	-105.93	-93.82	-76.51
6330.76	-112.66	-109.06	-106.04	-93.60	-76.86
6341.53	-112.46	-109.06	-105.84	-93.63	-76.88
6352.29	-112.00	-109.00	-105.78	-93.81	-76.51
6363.06	-112.41	-109.07	-105.47	-93.85	-76.43
6373.83	-112.74	-109.05	-105.66	-93.73	-76.62
6384.59	-112.57	-109.34	-106.20	-93.68	-76.39
6395.36	-112.55	-109.36	-106.19	-93.40	-76.57
6406.13	-112.81	-109.06	-105.73	-93.64	-76.61
6416.89	-112.85	-108.65	-105.84	-93.72	-76.60
6427.66	-112.65	-108.59	-105.71	-93.55	-76.63
6438.43	-112.41	-108.80	-105.27	-93.31	-76.72
6449.19	-112.20	-108.89	-105.15	-93.48	-76.30
6459.96	-112.86	-108.71	-105.52	-93.47	-76.39
6470.73	-112.81	-108.66	-105.46	-93.38	-76.77
6481.49	-112.69	-108.67	-105.72	-93.36	-76.66
6492.26	-112.74	-108.89	-105.45	-93.41	-76.73
6503.03	-112.33	-108.79	-105.40	-93.46	-76.62
6513.79	-112.51	-108.67	-105.21	-93.23	-76.56
6524.56	-112.75	-108.63	-105.51	-93.18	-76.65
6535.33	-112.30	-108.91	-105.54	-93.33	-76.64
6546.09	-112.58	-108.77	-105.32	-93.09	-76.56
6556.86	-112.70	-108.61	-105.31	-93.02	-76.55
6567.63	-112.68	-108.77	-105.28	-92.97	-76.39
6578.39	-112.65	-108.77	-104.82	-93.10	-76.21
6589.16	-112.43	-108.79	-104.83	-93.11	-76.26
6599.93	-112.66	-108.95	-105.12	-93.35	-76.64
6610.69	-112.99	-108.90	-105.05	-93.35	-76.56
6621.46	-112.75	-108.85	-105.12	-93.33	-76.33
6632.23	-112.90	-109.00	-105.06	-93.24	-76.61
6642.99	-112.82	-108.81	-105.21	-93.37	-76.65
6653.76	-112.77	-108.76	-105.08	-93.08	-76.30
6664.53	-112.69	-108.65	-105.20	-92.94	-76.32
6675.29	-112.76	-108.51	-105.10	-92.78	-76.42
6686.06	-112.69	-108.79	-105.24	-92.71	-76.60
6696.83	-113.08	-108.70	-104.78	-92.68	-76.57
6707.59	-112.91	-108.78	-104.70	-92.68	-76.81
6718.36	-112.76	-108.51	-104.61	-92.82	-76.76
6729.13	-112.85	-108.42	-104.82	-92.78	-76.43
6739.89	-112.76	-108.51	-104.93	-92.81	-76.58
6750.66	-112.41	-108.77	-105.01	-92.97	-76.53
6761.43	-112.54	-108.83	-105.11	-92.84	-76.47
6772.19	-112.52	-108.68	-104.79	-92.60	-76.47
6782.96	-112.74	-108.62	-104.48	-92.73	-76.57
6793.73	-112.74	-108.47	-104.71	-92.60	-76.28
6804.49	-112.76	-108.60	-104.96	-92.46	-76.24
6815.26	-112.60	-108.51	-104.50	-92.70	-76.92
6826.03	-112.58	-108.42	-104.55	-92.70	-76.73
6836.79	-112.54	-108.66	-104.67	-92.40	-76.43
6847.56	-112.53	-108.95	-104.64	-92.44	-76.29
6858.33	-112.51	-108.65	-104.74	-92.52	-76.44
6869.09	-112.57	-108.44	-104.62	-92.66	-76.83
6879.86	-112.41	-108.50	-104.48	-92.44	-76.71
6890.62	-112.38	-108.45	-104.34	-92.59	-76.55
6901.39	-112.32	-108.88	-104.49	-92.70	-76.62
6912.16	-112.65	-108.86	-104.51	-92.43	-76.33
6922.92	-112.82	-108.62	-104.59	-92.44	-76.41
6933.69	-112.79	-108.58	-104.55	-92.49	-76.53
6944.46	-112.60	-108.52	-104.54	-92.33	-76.45
6955.22	-112.50	-108.45	-104.37	-92.23	-76.55
6965.99	-112.42	-108.61	-104.47	-92.34	-76.56
6976.76	-112.68	-108.56	-104.43	-92.38	-76.72
6987.52	-112.67	-108.62	-104.35	-92.36	-76.58
6998.29	-112.55	-108.55	-104.60	-92.33	-76.60
7009.06	-112.61	-108.72	-104.60	-92.65	-76.87
7019.82	-112.76	-108.70	-104.26	-92.55	-76.69
7030.59	-112.71	-108.45	-104.22	-92.33	-76.48
7041.36	-112.66	-108.41	-104.01	-91.96	-76.38
7052.12	-112.56	-108.62	-103.99	-91.86	-76.28
7062.89	-112.72	-108.71	-104.04	-91.98	-76.21
7073.66	-112.49	-108.50	-104.08	-91.93	-76.27
7084.42	-112.48	-108.43	-104.14	-92.21	-76.54
7095.19	-112.42	-108.44	-104.11	-92.05	-76.48
7105.96	-112.67	-108.50	-104.23	-92.03	-76.63
7116.72	-112.83	-108.31	-104.01	-92.30	-76.88
7127.49	-112.55	-108.47	-104.08	-92.08	-76.73
7138.26	-112.85	-108.34	-104.36	-92.03	-76.63
7149.02	-112.74	-108.47	-104.20	-92.02	-76.51
7159.79	-112.44	-108.42	-103.91	-91.85	-76.55
7170.56	-112.64	-108.67	-104.07	-91.49	-76.40
7181.32	-112.87	-108.40	-104.21	-91.63	-76.46
7192.09	-112.92	-108.40	-104.27	-91.77	-76.61
7202.86	-112.92	-108.60	-103.96	-91.88	-76.27
7213.62	-112.86	-108.72	-103.81	-91.64	-76.40
7224.39	-112.75	-108.65	-104.05	-91.80	-76.34
7235.16	-112.65	-108.57	-104.15	-91.70	-76.30
7245.92	-112.71	-108.63	-103.94	-91.87	-76.19
7256.69	-112.56	-108.51	-103.66	-91.87	-76.56
7267.46	-112.52	-108.61	-103.53	-91.73	-76.49
7278.22	-112.72	-108.64	-103.63	-91.76	-76.50
7288.99	-112.67	-108.65	-103.80	-91.85	-76.54
7299.76	-112.87	-108.60	-103.80	-91.70	-76.66
7310.52	-112.66	-108.47	-103.92	-91.71	-76.58
7321.29	-112.76	-108.39	-104.18	-91.69	-76.42
7332.06	-112.33	-108.35	-103.83	-91.45	-76.33
7342.82	-112.53	-108.52	-103.85	-91.38	-76.45
7353.59	-112.73	-108.42	-103.68	-91.46	-76.71
7364.36	-112.62	-108.44	-103.63	-91.65	-76.39
7375.12	-112.70	-108.60	-103.56	-91.64	-76.46
7385.89	-112.53	-108.35	-103.68	-91.36	-76.59
7396.66	-112.61	-108.20	-103.87	-91.00	-76.67
7407.42	-112.68	-108.41	-103.31	-91.28	-76.65
7418.19	-112.76	-108.50	-103.37	-91.62	-76.43
7428.96	-112.98	-108.37	-103.53	-91.43	-76.48
7439.72	-112.55	-108.36	-103.33	-91.50	-76.60
7450.49	-112.43	-108.38	-103.33	-91.80	-76.26
7461.25	-112.78	-108.24	-103.36	-91.72	-76.56
7472.02	-112.63	-108.49	-103.48	-91.74	-76.52
7482.79	-112.40	-108.32	-103.34	-91.39	-76.15
7493.55	-112.58	-108.40	-103.25	-91.20	-76.13
7504.32	-112.50	-108.65	-103.24	-91.05	-76.43
7515.09	-112.57	-108.57	-103.34	-91.30	-76.38
7525.85	-112.75	-108.64	-103.55	-91.41	-76.51
7536.62	-112.63	-108.29	-103.46	-91.55	-76.56
7547.39	-112.65	-107.97	-103.35	-91.54	-76.29
7558.15	-112.58	-108.21	-103.32	-91.47	-76.51
7568.92	-112.59	-108.19	-103.01	-91.34	-76.20
7579.69	-112.83	-108.08	-103.26	-91.28	-76.46
7590.45	-112.55	-107.93	-103.21	-91.14	-76.47
7601.22	-112.44	-108.09	-102.88	-90.97	-76.44
7611.99	-112.62	-108.29	-103.06	-91.09	-76.28
7622.75	-112.80	-108.12	-103.21	-91.04	-76.45
7633.52	-112.60	-108.15	-103.26	-90.85	-76.28
7644.29	-112.84	-108.33	-103.23	-90.93	-76.49
7655.05	-112.69	-108.09	-103.11	-90.94	-76.57
7665.82	-112.65	-108.01	-103.24	-90.95	-76.52
7676.59	-112.67	-108.02	-103.06	-91.04	-76.64
7687.35	-112.72	-107.98	-102.98	-91.26	-76.74
7698.12	-112.86	-108.19	-103.17	-91.17	-76.80
7708.89	-112.83	-108.21	-103.04	-90.96	-76.76
7719.65	-112.47	-108.34	-103.09	-90.77	-76.26
7730.42	-112.59	-108.17	-103.07	-90.96	-76.58
7741.19	-112.89	-108.20	-103.02	-90.79	-76.43
7751.95	-112.44	-108.00	-103.04	-90.65	-76.22
7762.72	-112.45	-108.12	-103.06	-90.63	-76.07
7773.49	-112.76	-108.24	-102.94	-90.98	-76.33
7784.25	-112.52	-108.08	-103.09	-90.78	-76.73
7795.02	-112.46	-108.08	-103.16	-90.79	-76.56
7805.79	-112.40	-108.15	-102.93	-90.95	-76.30
7816.55	-112.70	-108.09	-102.78	-90.86	-76.58
7827.32	-112.61	-108.15	-102.84	-90.62	-76.88
7838.09	-112.80	-107.84	-102.70	-90.63	-76.66
7848.85	-112.73	-107.90	-102.61	-90.80	-76.59
7859.62	-112.54	-108.01	-102.41	-90.72	-76.75
7870.39	-112.70	-108.30	-102.51	-90.61	-76.60
7881.15	-112.65	-107.87	-102.81	-90.67	-76.38
7891.92	-112.50	-108.00	-102.86	-90.60	-76.37
7902.69	-112.47	-108.15	-102.83	-90.85	-76.54
7913.45	-112.46	-108.12	-102.64	-90.64	-76.75
7924.22	-112.53	-108.21	-102.65	-90.58	-76.56
7934.99	-112.47	-108.35	-102.96	-90.80	-76.65
7945.75	-112.64	-108.06	-102.71	-90.69	-76.38
7956.52	-112.74	-108.07	-102.47	-90.41	-76.67
7967.29	-112.56	-108.11	-102.33	-90.54	-76.45
7978.05	-112.65	-107.94	-102.13	-90.54	-76.13
7988.82	-112.71	-108.14	-102.08	-90.54	-56.53
7999.58	-112.24	-108.01	-102.54	-90.26	-50.01
8010.35	-112.21	-107.86	-102.95	-90.48	-55.51
8021.12	-112.47	-107.76	-102.59	-90.73	-76.33
8031.88	-112.60	-107.93	-102.23	-90.44	-76.24
8042.65	-112.49	-108.08	-102.35	-90.27	-76.44
8053.42	-112.47	-108.03	-102.31	-90.46	-76.47
8064.18	-112.60	-108.17	-102.46	-90.40	-76.68
8074.95	-112.61	-107.95	-102.50	-90.24	-76.85
8085.72	-112.60	-107.95	-102.27	-90.34	-76.75
8096.48	-112.41	-107.98	-102.23	-90.42	-76.62
8107.25	-112.71	-107.95	-102.35	-90.24	-76.81
8118.02	-112.84	-107.99	-102.44	-89.94	-76.99
8128.78	-112.60	-107.79	-102.31	-89.87	-76.87
8139.55	-112.52	-107.86	-102.31	-89.87	-76.75
8150.32	-112.47	-107.85	-102.12	-90.24	-76.68
8161.08	-112.56	-108.10	-101.97	-90.27	-76.40
8171.85	-112.64	-108.06	-102.09	-90.30	-76.47
8182.62	-112.57	-108.03	-102.20	-90.49	-76.46
8193.38	-112.50	-107.88	-102.15	-90.46	-76.41
8204.15	-112.70	-108.16	-102.39	-90.02	-76.58
8214.92	-112.68	-108.25	-102.38	-90.12	-76.64
8225.68	-112.93	-107.95	-102.40	-90.32	-76.61
8236.45	-112.73	-108.01	-102.34	-89.92	-76.62
8247.22	-113.00	-108.25	-102.28	-90.03	-76.51
8257.98	-112.92	-108.02	-102.42	-90.19	-76.37
8268.75	-112.73	-108.03	-102.10	-90.26	-76.33
8279.52	-112.61	-107.89	-102.03	-90.19	-76.76
8290.28	-112.56	-107.67	-102.19	-89.97	-76.77
8301.05	-112.53	-107.74	-102.17	-90.01	-76.36
8311.82	-112.55	-107.99	-102.06	-89.95	-76.74
8322.58	-112.42	-107.93	-102.24	-89.84	-76.69
8333.35	-112.71	-107.73	-102.25	-90.09	-76.47
8344.12	-112.55	-107.69	-101.74	-90.00	-76.45
8354.88	-112.60	-107.74	-101.54	-89.81	-76.42
8365.65	-112.52	-107.82	-101.78	-90.05	-76.58
8376.42	-112.68	-107.74	-101.95	-90.05	-76.63
8387.18	-112.72	-107.51	-101.91	-89.80	-76.59
8397.95	-112.99	-107.68	-102.25	-89.66	-76.70
8408.72	-112.74	-107.88	-102.17	-89.80	-76.65
8419.48	-112.52	-108.01	-101.94	-89.86	-76.73
8430.25	-112.25	-107.72	-101.66	-89.90	-76.78
8441.02	-112.41	-107.80	-101.70	-89.98	-76.56
8451.78	-112.69	-107.83	-101.66	-90.03	-76.26
8462.55	-112.66	-107.56	-101.91	-89.97	-76.48
8473.32	-112.54	-107.72	-101.92	-89.63	-76.49
8484.08	-112.42	-107.86	-101.87	-89.77	-76.48
8494.85	-112.68	-107.79	-101.73	-89.93	-76.39
8505.62	-113.16	-107.98	-101.82	-89.64	-76.26
8516.38	-113.11	-107.82	-101.96	-89.55	-76.78
8527.15	-112.84	-108.01	-102.00	-89.83	-76.92
8537.92	-112.53	-107.82	-101.84	-89.62	-76.90
8548.68	-112.50	-107.84	-101.65	-89.62	-76.98
8559.45	-112.61	-107.88	-101.71	-89.62	-76.83
8570.21	-112.48	-107.77	-101.86	-89.58	-76.43
8580.98	-112.70	-107.73	-101.78	-89.49	-76.31
8591.75	-112.90	-107.56	-101.47	-89.71	-76.16
8602.51	-112.66	-107.30	-101.44	-89.80	-76.38
8613.28	-112.82	-107.56	-101.52	-89.45	-76.72
8624.05	-112.83	-107.90	-101.76	-89.46	-76.49
8634.81	-112.90	-108.28	-101.69	-89.43	-76.62
8645.58	-112.64	-107.96	-101.47	-89.47	-76.64
8656.35	-112.68	-107.63	-101.46	-89.53	-76.38
8667.11	-112.78	-107.62	-101.49	-89.73	-76.48
8677.88	-112.81	-107.57	-101.51	-89.61	-76.84
8688.65	-112.77	-107.65	-101.44	-89.23	-76.73
8699.41	-112.90	-107.73	-101.39	-89.21	-76.43
8710.18	-112.83	-107.76	-101.45	-89.34	-76.56
8720.95	-112.85	-107.77	-101.33	-89.65	-76.52
8731.71	-112.73	-107.45	-101.47	-89.62	-76.67
8742.48	-112.66	-107.63	-101.48	-89.49	-76.54
8753.25	-112.66	-107.74	-101.61	-89.35	-76.24
8764.01	-112.88	-107.76	-101.65	-89.26	-76.48
8774.78	-112.70	-107.60	-101.25	-89.37	-76.46
8785.55	-112.38	-107.60	-101.49	-89.28	-76.37
8796.31	-112.42	-107.78	-101.43	-89.21	-76.29
8807.08	-112.35	-107.76	-101.37	-89.22	-76.30
8817.85	-112.51	-107.63	-101.61	-89.02	-76.33
8828.61	-112.79	-107.54	-101.50	-89.23	-76.37
8839.38	-112.85	-107.67	-101.45	-89.35	-76.34
8850.15	-112.78	-107.77	-101.29	-89.39	-76.32
8860.91	-112.71	-107.68	-101.51	-89.15	-76.40
8871.68	-113.00	-107.58	-101.39	-89.18	-76.49
8882.45	-112.82	-107.82	-101.38	-89.31	-76.32
8893.21	-112.54	-107.54	-101.38	-89.31	-76.18
8903.98	-112.85	-107.40	-101.10	-89.22	-76.48
8914.75	-113.06	-107.40	-101.03	-89.55	-76.81
8925.51	-112.76	-107.57	-101.53	-89.00	-76.72
8936.28	-112.45	-107.76	-101.39	-89.01	-76.63
8947.05	-112.47	-107.55	-101.36	-89.01	-76.54
8957.81	-112.55	-107.48	-101.07	-89.08	-76.66
8968.58	-112.57	-107.60	-101.29	-88.97	-76.53
8979.35	-112.39	-107.73	-101.22	-88.88	-76.37
8990.11	-112.54	-107.54	-101.23	-88.96	-76.37
9000.88	-112.68	-107.47	-101.03	-89.06	-76.46
9011.65	-112.45	-107.58	-101.02	-89.07	-76.36
9022.41	-112.48	-107.53	-101.22	-88.91	-76.40
9033.18	-112.77	-107.45	-101.34	-88.88	-76.54
9043.95	-113.02	-107.42	-101.10	-88.94	-76.68
9054.71	-112.67	-107.44	-100.85	-89.02	-76.73
9065.48	-112.48	-107.22	-100.96	-89.27	-76.72
9076.25	-112.34	-107.29	-100.86	-89.20	-76.47
9087.01	-112.30	-107.32	-100.75	-89.03	-76.32
9097.78	-112.11	-107.23	-100.96	-89.02	-76.30
9108.54	-112.44	-107.35	-101.23	-89.04	-76.47
9119.31	-112.82	-107.57	-101.11	-88.90	-76.38
9130.08	-112.73	-107.63	-100.91	-88.83	-76.34
9140.84	-112.61	-107.65	-100.71	-88.87	-76.54
9151.61	-112.82	-107.73	-101.02	-88.84	-76.88
9162.38	-112.87	-107.61	-100.96	-89.02	-76.54
9173.14	-112.84	-107.79	-100.75	-88.60	-76.54
9183.91	-112.94	-107.56	-100.91	-88.58	-76.80
9194.68	-112.93	-107.29	-100.97	-88.86	-76.56
9205.44	-112.71	-107.43	-100.78	-88.73	-76.41
9216.21	-112.56	-107.36	-100.75	-88.41	-76.15
9226.98	-112.54	-107.16	-100.96	-88.45	-76.44
9237.74	-112.57	-107.15	-100.89	-88.66	-76.58
9248.51	-112.59	-107.38	-100.82	-88.85	-76.33
9259.28	-112.72	-107.09	-101.01	-88.79	-76.30
9270.04	-113.00	-107.00	-101.04	-88.82	-76.41
9280.81	-112.72	-107.19	-100.93	-88.76	-76.65
9291.58	-112.71	-107.60	-100.66	-88.83	-76.54
9302.34	-112.87	-107.52	-100.79	-88.62	-76.55
9313.11	-112.90	-106.92	-101.05	-88.87	-76.45
9323.88	-112.69	-107.25	-101.05	-88.73	-76.71
9334.64	-112.77	-107.47	-100.79	-88.72	-76.61
9345.41	-113.00	-107.33	-100.67	-88.75	-76.62
9356.18	-112.94	-107.15	-100.55	-88.57	-76.53
9366.94	-112.72	-107.40	-100.63	-88.47	-76.44
9377.71	-112.70	-107.30	-100.61	-88.59	-76.46
9388.48	-112.76	-107.04	-100.65	-88.60	-76.66
9399.24	-112.65	-107.11	-100.68	-88.57	-76.74
9410.01	-112.60	-107.55	-100.55	-88.36	-76.58
9420.78	-112.69	-107.50	-100.39	-88.44	-76.75
9431.54	-112.56	-107.65	-100.56	-88.54	-76.45
9442.31	-112.71	-107.36	-100.16	-88.44	-76.54
9453.08	-113.01	-107.20	-100.46	-88.62	-76.65
9463.84	-112.75	-107.00	-100.70	-88.27	-76.76
9474.61	-112.54	-107.06	-100.69	-88.12	-76.53
9485.38	-112.52	-107.18	-100.57	-88.62	-76.49
9496.14	-112.74	-107.28	-100.33	-88.51	-76.42
9506.91	-112.88	-107.21	-100.43	-88.53	-76.51
9517.68	-112.60	-107.52	-100.75	-88.40	-76.58
9528.44	-112.38	-107.05	-100.45	-88.34	-76.26
9539.21	-112.39	-106.84	-100.49	-88.53	-76.46
9549.98	-112.72	-106.95	-100.74	-88.21	-76.60
9560.74	-112.71	-107.04	-100.57	-88.30	-76.46
9571.51	-112.75	-106.94	-100.43	-88.48	-76.50
9582.28	-112.76	-107.11	-100.51	-88.35	-76.55
9593.04	-112.59	-107.69	-100.09	-88.16	-76.36
9603.81	-112.65	-107.51	-100.08	-87.86	-76.45
9614.58	-112.58	-107.53	-100.25	-88.06	-76.63
9625.34	-112.62	-107.07	-100.40	-88.14	-76.63
9636.11	-112.54	-106.82	-100.19	-88.25	-76.49
9646.88	-112.41	-107.04	-100.19	-88.10	-76.47
9657.64	-112.54	-107.22	-100.18	-87.90	-76.73
9668.41	-112.59	-107.38	-100.39	-87.88	-76.56
9679.17	-112.65	-107.19	-100.13	-87.88	-76.67
9689.94	-112.62	-107.18	-100.09	-88.02	-76.46
9700.71	-112.41	-107.31	-100.10	-87.83	-76.38
9711.47	-112.49	-107.20	-100.25	-88.17	-76.55
9722.24	-112.66	-107.41	-100.19	-88.24	-76.58
9733.01	-112.67	-107.24	-100.17	-87.89	-76.72
9743.77	-112.56	-107.48	-100.21	-87.92	-76.87
9754.54	-112.57	-107.40	-100.13	-88.25	-76.48
9765.31	-112.68	-107.14	-100.02	-88.11	-76.59
9776.07	-112.62	-107.09	-100.03	-88.12	-76.73
9786.84	-112.77	-106.93	-100.43	-88.20	-76.62
9797.61	-112.86	-107.09	-100.47	-88.02	-76.79
9808.37	-112.60	-107.14	-100.07	-87.97	-76.80
9819.14	-112.67	-107.38	-100.08	-88.09	-76.64
9829.91	-112.54	-107.35	-100.08	-88.03	-76.91
9840.67	-112.38	-107.45	-100.05	-88.04	-76.58
9851.44	-112.76	-107.37	-99.97	-88.08	-76.24
9862.21	-112.86	-107.54	-99.78	-88.06	-76.34
9872.97	-113.18	-107.22	-100.00	-87.84	-76.42
9883.74	-112.71	-107.14	-100.25	-87.97	-76.49
9894.51	-112.37	-107.18	-100.16	-87.84	-76.51
9905.27	-112.59	-107.27	-100.00	-88.15	-76.55
9916.04	-112.64	-107.29	-99.98	-88.10	-76.72
9926.81	-112.80	-107.05	-100.16	-88.11	-76.43
9937.57	-112.59	-106.54	-99.88	-88.06	-76.68
9948.34	-112.66	-106.90	-100.01	-87.81	-76.70
9959.11	-112.97	-107.13	-99.91	-87.74	-76.38
9969.87	-112.77	-107.14	-99.94	-87.38	-76.63
9980.64	-112.34	-107.26	-99.75	-87.74	-76.84
9991.41	-112.56	-107.02	-99.87	-87.99	-76.51
10002.17	-112.69	-106.80	-99.91	-87.96	-76.43
10012.94	-112.75	-106.92	-99.92	-87.42	-76.45
10023.71	-112.62	-107.09	-99.77	-87.61	-76.32
10034.47	-112.67	-107.25	-99.46	-87.84	-76.69
10045.24	-112.58	-107.30	-99.38	-87.91	-76.81
10056.01	-112.53	-107.11	-99.86	-87.81	-76.66
10066.77	-112.58	-107.06	-99.76	-87.70	-76.74
10077.54	-112.42	-107.22	-99.36	-87.73	-76.87
10088.31	-112.44	-107.17	-99.39	-87.87	-76.21
10099.07	-112.63	-107.06	-99.29	-87.65	-76.41
10109.84	-112.94	-107.17	-99.40	-87.77	-76.81
10120.61	-112.82	-107.13	-99.61	-87.85	-76.76
10131.37	-112.50	-106.94	-99.67	-87.89	-76.66
10142.14	-112.36	-106.77	-99.69	-87.85	-76.55
10152.91	-112.24	-106.75	-99.46	-87.70	-76.41
10163.67	-112.68	-106.82	-99.70	-87.38	-76.12
10174.44	-112.75	-106.95	-99.95	-87.28	-75.99
10185.21	-112.74	-106.90	-99.77	-87.44	-76.28
10195.97	-112.85	-107.00	-99.64	-87.54	-76.34
10206.74	-112.92	-107.08	-99.75	-87.39	-76.72
10217.50	-112.80	-107.08	-99.70	-87.58	-76.42
10228.27	-112.60	-107.11	-99.38	-87.39	-76.46
10239.04	-112.32	-106.78	-99.27	-87.25	-76.66
10249.80	-112.52	-106.75	-99.32	-87.44	-76.72
10260.57	-112.71	-106.59	-99.05	-87.45	-76.78
10271.34	-112.81	-106.85	-99.21	-87.40	-76.77
10282.10	-112.60	-106.78	-99.58	-87.58	-76.51
10292.87	-112.48	-106.89	-99.66	-87.42	-76.48
10303.64	-112.43	-107.07	-99.69	-87.21	-76.69
10314.40	-112.20	-106.86	-99.30	-87.36	-76.56
10325.17	-112.49	-106.61	-99.21	-87.67	-76.65
10335.94	-112.73	-106.53	-99.12	-87.50	-76.51
10346.70	-112.74	-106.64	-99.21	-87.45	-76.42
10357.47	-112.92	-106.73	-99.51	-87.35	-76.33
10368.24	-112.90	-106.52	-99.62	-87.07	-76.10
10379.00	-112.72	-106.49	-99.53	-87.07	-76.50
10389.77	-112.76	-106.91	-99.69	-87.32	-76.59
10400.54	-112.65	-107.15	-99.49	-87.46	-76.45
10411.30	-112.35	-107.27	-99.27	-87.20	-76.43
10422.07	-112.76	-107.05	-99.31	-87.21	-76.40
10432.84	-112.69	-106.89	-99.61	-87.32	-76.42
10443.60	-112.40	-106.81	-99.45	-86.94	-76.44
10454.37	-112.64	-106.65	-99.09	-86.95	-76.75
10465.14	-112.43	-106.61	-99.39	-87.41	-76.73
10475.90	-112.45	-106.72	-99.67	-87.18	-76.61
10486.67	-112.68	-106.72	-99.40	-86.85	-76.52
10497.44	-112.40	-106.80	-99.31	-87.09	-76.55
10508.20	-112.33	-106.70	-99.02	-87.25	-76.36
10518.97	-112.51	-106.86	-99.00	-87.14	-76.48
10529.74	-112.89	-106.71	-99.32	-87.25	-76.49
10540.50	-112.91	-106.94	-99.45	-87.31	-76.38
10551.27	-112.72	-106.81	-99.38	-87.29	-76.30
10562.04	-112.78	-106.66	-99.15	-86.90	-76.36
10572.80	-112.70	-106.90	-99.06	-87.15	-76.35
10583.57	-112.60	-106.87	-99.24	-87.07	-76.32
10594.34	-112.65	-106.81	-99.16	-86.81	-76.45
10605.10	-112.50	-106.94	-99.18	-86.75	-76.49
10615.87	-112.29	-106.94	-99.25	-87.09	-76.60
10626.64	-112.54	-107.02	-99.14	-87.18	-76.59
10637.40	-112.28	-106.80	-99.26	-87.03	-76.69
10648.17	-112.60	-106.73	-98.98	-86.91	-76.52
10658.94	-112.69	-106.83	-98.82	-86.81	-76.28
10669.70	-112.72	-106.85	-98.85	-87.07	-76.26
10680.47	-112.77	-106.91	-98.85	-87.01	-76.40
10691.24	-112.78	-106.95	-99.06	-86.57	-76.40
10702.00	-112.54	-106.82	-99.12	-86.61	-76.46
10712.77	-112.29	-106.74	-99.00	-86.87	-76.54
10723.54	-112.49	-106.62	-99.10	-87.22	-76.28
10734.30	-112.34	-106.75	-99.04	-87.04	-76.24
10745.07	-112.37	-106.72	-99.02	-86.70	-76.63
10755.83	-112.49	-106.85	-99.06	-86.72	-76.61
10766.60	-112.50	-106.92	-99.04	-86.71	-76.71
10777.37	-112.55	-106.68	-98.93	-86.54	-76.45
10788.13	-112.43	-106.46	-98.88	-86.77	-76.46
10798.90	-112.32	-106.78	-98.92	-86.97	-76.86
10809.67	-112.51	-107.08	-98.68	-86.81	-76.83
10820.43	-112.52	-106.59	-99.00	-86.53	-76.57
10831.20	-112.75	-106.51	-99.10	-86.34	-76.44
10841.97	-112.93	-106.72	-98.87	-86.45	-76.36
10852.73	-112.51	-106.86	-98.69	-86.52	-76.17
10863.50	-112.47	-106.58	-98.47	-86.90	-76.48
10874.27	-112.75	-106.50	-98.73	-86.94	-76.75
10885.03	-112.37	-106.49	-98.74	-86.85	-76.53
10895.80	-112.34	-106.32	-98.58	-86.82	-76.28
10906.57	-112.44	-106.21	-98.63	-86.60	-76.64
10917.33	-112.51	-106.53	-98.71	-86.67	-76.58
10928.10	-112.68	-106.92	-99.06	-86.71	-76.39
10938.87	-112.76	-106.71	-98.78	-86.73	-76.71
10949.63	-112.77	-106.64	-98.45	-86.73	-76.68
10960.40	-112.79	-106.35	-98.35	-86.47	-76.33
10971.17	-112.63	-106.59	-98.66	-86.63	-76.45
10981.93	-112.34	-106.59	-98.68	-86.70	-76.64
10992.70	-112.60	-106.57	-98.88	-86.57	-76.58
11003.47	-112.44	-106.29	-98.86	-86.47	-76.53
11014.23	-112.27	-106.63	-98.73	-86.39	-76.58
11025.00	-112.46	-106.84	-98.56	-86.50	-76.21
11035.77	-112.53	-106.43	-98.54	-86.48	-76.32
11046.53	-112.66	-106.49	-98.87	-86.23	-76.60
11057.30	-112.75	-106.51	-98.41	-86.11	-76.75
11068.07	-112.74	-106.53	-98.41	-86.37	-76.61
11078.83	-112.94	-106.70	-98.75	-86.48	-76.53
11089.60	-112.80	-106.71	-98.68	-85.97	-76.68
11100.37	-112.70	-106.60	-98.51	-86.29	-76.56
11111.13	-112.46	-106.68	-98.21	-86.50	-76.33
11121.90	-112.36	-106.55	-98.07	-86.31	-76.46
11132.67	-112.57	-106.61	-98.23	-86.50	-76.74
11143.43	-112.72	-106.42	-98.33	-86.25	-76.83
11154.20	-112.55	-106.63	-98.19	-86.20	-76.73
11164.97	-112.68	-106.78	-98.52	-86.24	-76.51
11175.73	-112.57	-106.56	-98.14	-86.17	-76.62
11186.50	-112.54	-106.36	-97.91	-86.36	-76.59
11197.27	-112.22	-106.63	-98.09	-86.35	-76.39
11208.03	-112.64	-106.54	-98.32	-86.39	-76.68
11218.80	-112.64	-107.05	-98.61	-86.19	-76.57
11229.57	-112.41	-107.05	-98.55	-86.10	-76.74
11240.33	-112.47	-106.66	-98.12	-85.96	-76.55
11251.10	-112.70	-106.38	-98.15	-85.99	-76.33
11261.87	-112.65	-106.48	-98.22	-86.05	-76.24
11272.63	-112.50	-106.67	-97.98	-86.03	-76.32
11283.40	-112.34	-106.42	-98.07	-86.09	-76.58
11294.17	-112.53	-106.44	-98.22	-86.01	-76.93
11304.93	-112.46	-106.41	-97.86	-86.23	-76.54
11315.70	-112.41	-106.70	-98.02	-86.25	-76.70
11326.46	-112.78	-106.64	-98.19	-85.88	-76.83
11337.23	-112.51	-106.36	-98.29	-85.86	-76.44
11348.00	-112.68	-106.51	-98.15	-86.05	-76.81
11358.76	-112.90	-106.80	-98.22	-86.10	-76.48
11369.53	-112.89	-106.66	-97.91	-86.25	-76.18
11380.30	-112.51	-106.56	-97.86	-86.36	-76.60
11391.06	-112.68	-106.59	-98.04	-86.17	-76.49
11401.83	-112.54	-106.38	-97.99	-85.98	-76.48
11412.60	-112.51	-106.44	-97.92	-85.88	-76.77
11423.36	-112.68	-106.52	-97.94	-85.71	-76.61
11434.13	-112.76	-106.54	-97.92	-85.67	-76.65
11444.90	-112.90	-106.47	-98.25	-85.62	-76.60
11455.66	-112.83	-106.41	-97.84	-85.73	-76.19
11466.43	-112.56	-106.56	-97.66	-86.10	-76.55
11477.20	-112.53	-106.54	-97.95	-86.19	-76.67
11487.96	-112.81	-106.54	-98.17	-85.93	-76.66
11498.73	-112.72	-106.41	-97.79	-85.99	-76.34
11509.50	-112.58	-106.42	-97.79	-86.23	-76.30
11520.26	-112.51	-106.44	-97.64	-85.99	-76.13
11531.03	-112.82	-106.61	-97.69	-85.60	-76.12
11541.80	-112.65	-106.70	-97.53	-85.67	-76.35
11552.56	-112.73	-106.39	-97.41	-85.68	-76.38
11563.33	-112.76	-106.39	-97.64	-85.70	-76.53
11574.10	-112.57	-106.25	-97.87	-85.65	-76.65
11584.86	-112.67	-106.18	-97.87	-85.61	-76.58
11595.63	-112.74	-106.27	-97.73	-85.80	-76.46
11606.40	-112.53	-106.47	-97.63	-85.63	-76.49
11617.16	-112.47	-106.67	-97.42	-85.38	-76.49
11627.93	-112.56	-106.31	-97.25	-85.43	-76.60
11638.70	-112.51	-106.12	-97.19	-85.64	-76.45
11649.46	-112.70	-106.22	-97.54	-85.70	-76.34
11660.23	-112.69	-106.32	-97.56	-85.48	-76.56
11671.00	-112.54	-106.41	-97.47	-85.12	-76.49
11681.76	-112.76	-106.56	-97.64	-85.14	-76.56
11692.53	-112.99	-106.44	-97.40	-85.14	-76.43
11703.30	-112.86	-106.47	-97.53	-85.26	-76.36
11714.06	-112.87	-106.42	-97.44	-85.43	-76.43
11724.83	-112.70	-106.22	-97.32	-85.77	-76.55
11735.60	-112.65	-106.32	-97.45	-85.82	-76.61
11746.36	-112.74	-106.38	-97.43	-85.45	-76.56
11757.13	-112.35	-106.44	-97.24	-85.48	-76.51
11767.90	-112.40	-106.56	-97.20	-85.24	-76.59
11778.66	-112.60	-106.47	-97.27	-85.33	-76.35
11789.43	-112.58	-106.17	-97.36	-85.58	-76.50
11800.20	-112.82	-106.06	-97.41	-85.52	-76.69
11810.96	-112.37	-106.18	-97.41	-85.49	-76.68
11821.73	-112.28	-106.05	-97.32	-85.27	-76.86
11832.50	-112.63	-105.85	-97.31	-85.36	-76.67
11843.26	-112.68	-106.34	-97.50	-85.39	-76.56
11854.03	-112.68	-106.26	-97.12	-85.62	-76.29
11864.79	-112.64	-106.10	-97.11	-85.30	-76.45
11875.56	-112.36	-106.40	-97.03	-85.03	-76.50
11886.33	-112.35	-106.22	-97.19	-85.07	-76.28
11897.09	-112.30	-106.23	-97.18	-85.16	-76.66
11907.86	-112.53	-106.19	-97.07	-85.21	-76.67
11918.63	-112.53	-106.19	-96.96	-85.17	-76.88
11929.39	-112.51	-106.25	-96.96	-85.07	-76.55
11940.16	-112.61	-106.48	-97.23	-85.00	-76.61
11950.93	-112.73	-106.23	-97.30	-84.94	-76.62
11961.69	-112.98	-106.09	-97.25	-84.76	-76.57
11972.46	-112.82	-105.99	-97.14	-84.89	-76.56
11983.23	-112.57	-105.80	-97.09	-84.92	-76.49
11993.99	-112.53	-105.85	-97.09	-84.98	-76.70
12004.76	-112.64	-105.96	-96.94	-84.73	-76.58
12015.53	-112.61	-106.11	-96.66	-84.97	-76.52
12026.29	-112.73	-106.16	-96.92	-85.06	-76.65
12037.06	-112.75	-106.01	-97.07	-84.95	-76.34
12047.83	-112.71	-106.07	-97.07	-84.78	-76.35
12058.59	-112.68	-106.24	-97.05	-84.89	-76.28
12069.36	-112.60	-106.17	-96.70	-84.77	-76.13
12080.13	-112.69	-106.46	-96.80	-84.39	-76.28
12090.89	-112.70	-106.32	-96.82	-84.40	-76.38
12101.66	-112.43	-106.09	-96.73	-84.87	-76.32
12112.43	-112.36	-106.30	-96.59	-85.27	-76.47
12123.19	-112.73	-106.06	-96.78	-85.06	-76.71
12133.96	-112.90	-106.13	-96.90	-84.69	-76.59
12144.73	-112.93	-106.24	-96.97	-84.54	-76.43
12155.49	-112.73	-106.22	-96.83	-84.68	-76.49
12166.26	-112.71	-106.10	-96.60	-84.73	-76.47
12177.03	-113.00	-106.41	-96.62	-84.77	-76.45
12187.79	-112.59	-106.55	-96.53	-84.40	-76.39
12198.56	-112.75	-106.17	-96.67	-84.23	-76.51
12209.33	-113.07	-106.26	-96.50	-84.49	-76.47
12220.09	-112.74	-106.21	-96.21	-84.53	-76.41
12230.86	-112.69	-106.42	-96.24	-84.63	-76.34
12241.63	-112.64	-106.24	-96.61	-84.46	-76.50
12252.39	-112.46	-106.12	-96.79	-84.16	-76.57
12263.16	-112.42	-106.00	-96.63	-84.30	-76.33
12273.93	-112.54	-106.19	-96.30	-84.48	-76.26
12284.69	-112.63	-106.22	-96.42	-84.31	-76.18
12295.46	-112.60	-106.38	-96.49	-84.08	-76.29
12306.23	-112.55	-106.51	-96.42	-84.40	-76.70
12316.99	-112.75	-106.27	-96.28	-84.28	-76.79
12327.76	-112.48	-105.77	-96.42	-84.23	-76.39
12338.53	-112.67	-105.63	-96.63	-84.29	-76.32
12349.29	-113.02	-105.86	-96.21	-84.19	-76.64
12360.06	-112.90	-106.13	-96.32	-84.23	-76.61
12370.83	-112.84	-105.85	-96.49	-84.21	-76.41
12381.59	-112.89	-105.79	-96.15	-84.36	-76.27
12392.36	-112.90	-105.99	-96.09	-84.19	-76.07
12403.12	-112.73	-105.98	-96.02	-83.95	-76.40
12413.89	-112.40	-106.20	-96.30	-83.98	-76.47
12424.66	-112.30	-106.36	-96.05	-84.11	-76.63
12435.42	-112.53	-106.13	-95.95	-84.27	-76.55
12446.19	-112.57	-106.10	-95.93	-83.93	-76.46
12456.96	-112.57	-106.30	-95.77	-83.84	-76.50
12467.72	-112.62	-106.22	-96.11	-84.04	-76.43
12478.49	-112.67	-106.54	-96.12	-83.96	-76.58
12489.26	-112.56	-106.23	-96.07	-83.63	-76.71
12500.02	-112.66	-105.83	-95.92	-83.81	-76.51
12510.79	-112.56	-106.12	-95.83	-83.86	-76.30
12521.56	-112.50	-106.26	-95.71	-83.98	-76.29
12532.32	-112.59	-106.35	-95.59	-84.09	-76.28
12543.09	-112.79	-106.24	-95.62	-83.99	-76.54
12553.86	-112.62	-106.15	-95.99	-83.65	-76.93
12564.62	-112.31	-105.99	-95.93	-83.65	-76.57
12575.39	-112.47	-106.12	-95.87	-83.71	-76.42
12586.16	-112.53	-105.83	-95.66	-83.93	-76.41
12596.92	-112.59	-105.80	-95.85	-83.70	-76.42
12607.69	-112.62	-105.91	-96.03	-83.63	-76.52
12618.46	-112.65	-106.06	-95.91	-83.89	-76.50
12629.22	-112.54	-105.78	-95.69	-83.74	-76.34
12639.99	-112.58	-105.54	-95.89	-83.50	-76.29
12650.76	-112.71	-105.87	-95.50	-83.42	-76.67
12661.52	-112.52	-105.99	-95.42	-83.68	-76.63
12672.29	-112.81	-106.09	-95.68	-83.66	-76.71
12683.06	-112.69	-106.09	-95.48	-83.68	-76.74
12693.82	-112.53	-105.87	-95.54	-83.60	-76.65
12704.59	-112.69	-105.90	-95.66	-83.76	-76.50
12715.36	-112.63	-105.99	-95.58	-83.59	-76.40
12726.12	-112.69	-106.00	-95.38	-83.28	-76.35
12736.89	-112.68	-106.19	-95.20	-83.05	-76.63
12747.66	-112.47	-105.99	-95.15	-83.23	-76.56
12758.42	-112.57	-105.70	-95.22	-83.07	-76.38
12769.19	-112.75	-106.04	-95.33	-83.28	-76.49
12779.96	-112.79	-106.03	-95.50	-83.41	-76.52
12790.72	-112.91	-105.75	-95.38	-82.97	-76.52
12801.49	-112.95	-105.71	-95.24	-83.03	-76.53
12812.26	-112.68	-105.98	-95.39	-83.04	-76.58
12823.02	-112.53	-106.02	-95.42	-83.12	-76.69
12833.79	-112.44	-106.08	-95.36	-83.18	-76.83
12844.56	-112.51	-106.28	-95.23	-83.18	-76.56
12855.32	-112.56	-106.03	-94.92	-82.93	-76.32
12866.09	-112.59	-105.65	-95.00	-82.81	-76.41
12876.86	-112.46	-105.68	-95.05	-82.85	-76.57
12887.62	-112.60	-105.95	-94.63	-83.10	-76.56
12898.39	-112.77	-105.84	-94.86	-82.83	-76.69
12909.16	-112.85	-105.97	-94.86	-82.97	-76.47
12919.92	-112.84	-105.83	-94.92	-83.14	-76.67
12930.69	-112.78	-105.69	-94.73	-83.00	-76.77
12941.46	-112.60	-105.58	-94.81	-82.79	-76.84
12952.22	-112.58	-105.68	-95.07	-82.80	-76.78
12962.99	-112.45	-105.87	-94.82	-82.46	-76.34
12973.75	-112.43	-105.90	-94.72	-82.54	-76.35
12984.52	-112.47	-105.88	-94.73	-82.54	-76.41
12995.29	-112.82	-105.90	-94.72	-82.57	-76.44
13006.05	-112.81	-105.86	-94.97	-82.75	-76.47
13016.82	-112.57	-105.80	-94.64	-82.32	-76.27
13027.59	-112.29	-105.72	-94.39	-82.38	-76.44
13038.35	-112.72	-106.10	-94.60	-82.65	-76.38
13049.12	-112.71	-106.06	-94.55	-82.45	-76.38
13059.89	-112.66	-105.98	-94.29	-82.39	-76.38
13070.65	-112.88	-106.04	-94.55	-82.62	-76.74
13081.42	-112.87	-106.07	-94.53	-82.13	-76.67
13092.19	-112.66	-106.04	-94.29	-82.11	-76.39
13102.95	-112.65	-106.22	-94.40	-82.03	-76.54
13113.72	-112.58	-105.82	-94.16	-82.31	-76.48
13124.49	-112.74	-105.90	-94.11	-82.46	-76.54
13135.25	-112.71	-105.76	-94.30	-82.28	-76.52
13146.02	-112.73	-105.99	-93.98	-81.97	-76.49
13156.79	-112.51	-106.17	-93.92	-82.08	-76.56
13167.55	-112.24	-105.96	-94.16	-82.16	-76.63
13178.32	-112.10	-105.60	-94.34	-81.95	-76.44
13189.09	-112.42	-105.74	-93.85	-81.87	-76.40
13199.85	-112.85	-105.65	-93.93	-82.02	-76.63
13210.62	-112.84	-105.86	-93.94	-81.74	-76.68
13221.39	-112.58	-105.93	-93.96	-81.98	-76.52
13232.15	-112.66	-105.71	-93.77	-82.07	-76.22
13242.92	-112.53	-105.68	-93.76	-81.59	-76.37
13253.69	-112.58	-105.81	-93.74	-81.59	-76.50
13264.45	-112.25	-106.00	-93.70	-81.83	-76.63
13275.22	-112.60	-105.81	-93.80	-81.59	-76.59
13285.99	-113.05	-105.52	-93.78	-81.42	-76.46
13296.75	-113.15	-105.66	-93.58	-81.44	-76.46
13307.52	-112.95	-105.85	-93.57	-81.52	-76.73
13318.29	-112.60	-105.75	-93.81	-81.52	-76.74
13329.05	-112.71	-105.74	-93.89	-81.42	-76.64
13339.82	-112.72	-105.44	-93.58	-81.49	-76.52
13350.59	-112.82	-105.61	-93.40	-81.50	-76.15
13361.35	-112.67	-105.75	-93.27	-81.41	-76.46
13372.12	-112.51	-105.86	-93.27	-81.31	-76.33
13382.89	-112.71	-105.76	-93.22	-81.30	-76.16
13393.65	-112.46	-105.69	-93.15	-81.28	-76.26
13404.42	-112.42	-105.61	-93.30	-81.22	-76.36
13415.19	-112.53	-105.67	-93.44	-81.26	-76.48
13425.95	-112.47	-105.65	-93.08	-81.04	-76.33
13436.72	-112.58	-105.84	-92.92	-81.06	-76.39
13447.49	-112.80	-105.72	-92.94	-81.12	-76.46
13458.25	-112.64	-105.59	-92.82	-81.01	-76.71
13469.02	-112.37	-105.94	-93.07	-80.97	-76.80
13479.79	-112.40	-105.89	-93.26	-80.94	-76.49
13490.55	-112.49	-105.61	-93.37	-81.11	-76.53
13501.32	-112.63	-105.49	-92.98	-81.17	-76.51
13512.08	-112.83	-105.53	-92.96	-81.26	-76.45
13522.85	-112.76	-105.50	-92.76	-81.10	-76.63
13533.62	-112.79	-105.65	-92.72	-80.84	-76.29
13544.38	-112.68	-105.53	-92.93	-80.62	-76.60
13555.15	-112.68	-105.53	-92.75	-81.01	-76.83
13565.92	-112.62	-105.48	-92.93	-80.94	-76.48
13576.68	-112.69	-105.35	-92.85	-80.71	-76.30
13587.45	-112.89	-105.38	-92.58	-80.27	-76.33
13598.22	-112.65	-105.88	-92.33	-80.27	-76.46
13608.98	-112.30	-105.86	-92.15	-80.34	-76.43
13619.75	-112.39	-105.75	-92.31	-80.13	-76.58
13630.52	-112.45	-105.57	-92.56	-80.26	-76.58
13641.28	-112.51	-105.79	-92.47	-80.40	-76.38
13652.05	-112.39	-105.86	-92.41	-80.52	-76.63
13662.82	-112.35	-105.67	-92.29	-80.18	-76.62
13673.58	-112.77	-105.41	-92.21	-80.27	-76.51
13684.35	-112.86	-105.44	-92.06	-80.55	-76.79
13695.12	-112.86	-105.50	-92.02	-80.35	-76.71
13705.88	-112.58	-105.49	-92.06	-80.15	-76.54
13716.65	-112.56	-105.70	-91.97	-80.10	-76.46
13727.42	-112.86	-105.66	-92.06	-79.79	-76.66
13738.18	-112.96	-105.24	-92.20	-79.74	-76.41
13748.95	-112.71	-105.72	-91.99	-80.03	-76.57
13759.72	-112.70	-105.82	-91.89	-80.05	-76.61
13770.48	-112.77	-105.64	-91.89	-79.93	-76.62
13781.25	-112.87	-105.72	-91.81	-80.02	-76.40
13792.02	-112.59	-105.77	-91.79	-79.87	-76.41
13802.78	-112.59	-105.70	-91.92	-79.92	-76.58
13813.55	-112.50	-105.74	-91.97	-79.70	-76.42
13824.32	-112.42	-105.84	-91.75	-79.56	-76.43
13835.08	-112.52	-105.92	-91.57	-79.56	-76.49
13845.85	-112.74	-105.64	-91.63	-79.16	-76.69
13856.62	-112.75	-105.60	-91.41	-79.32	-76.47
13867.38	-112.87	-105.54	-91.43	-79.54	-76.39
13878.15	-112.86	-105.51	-91.47	-79.46	-76.46
13888.92	-112.55	-105.66	-91.42	-79.44	-76.47
13899.68	-112.56	-105.55	-91.23	-79.48	-76.62
13910.45	-112.78	-105.52	-91.43	-79.50	-76.75
13921.22	-112.50	-105.67	-91.16	-79.41	-76.40
13931.98	-112.56	-105.69	-91.20	-79.09	-76.41
13942.75	-112.77	-105.70	-91.37	-79.17	-76.75
13953.52	-112.40	-105.51	-91.33	-79.21	-76.93
13964.28	-112.65	-105.47	-91.11	-79.03	-76.62
13975.05	-112.81	-105.61	-91.08	-78.88	-76.58
13985.82	-112.36	-105.81	-91.26	-79.04	-76.86
13996.58	-112.18	-105.51	-91.32	-78.98	-76.77
14007.35	-112.47	-105.48	-90.75	-78.97	-76.72
14018.12	-112.22	-105.61	-90.58	-78.94	-76.64
14028.88	-112.27	-105.63	-90.81	-78.67	-76.33
14039.65	-112.65	-105.47	-90.49	-78.70	-76.31
14050.42	-112.73	-105.63	-90.67	-78.66	-76.30
14061.18	-112.90	-105.64	-90.62	-78.52	-76.26
14071.95	-112.90	-105.43	-90.73	-78.61	-76.57
14082.71	-112.75	-105.51	-90.60	-78.81	-76.66
14093.48	-112.49	-105.45	-90.80	-78.62	-76.46
14104.25	-112.25	-105.78	-90.69	-78.26	-76.37
14115.01	-112.09	-105.82	-90.56	-78.12	-76.40
14125.78	-112.55	-105.70	-90.32	-78.16	-76.53
14136.55	-112.80	-105.55	-90.24	-78.17	-76.69
14147.31	-112.80	-105.53	-90.22	-78.46	-76.31
14158.08	-112.52	-105.81	-90.25	-78.37	-76.64
14168.85	-112.49	-105.79	-90.43	-77.95	-76.67
14179.61	-112.54	-105.82	-90.20	-77.89	-76.95
14190.38	-112.94	-105.73	-90.01	-78.29	-76.73
14201.15	-112.92	-105.74	-90.15	-78.13	-76.23
14211.91	-112.98	-105.49	-90.16	-77.94	-76.65
14222.68	-112.85	-105.32	-90.16	-77.75	-76.89
14233.45	-112.59	-105.30	-90.27	-77.90	-76.78
14244.21	-112.46	-105.56	-89.96	-78.07	-76.70
14254.98	-112.64	-105.53	-89.89	-77.98	-76.41
14265.75	-113.02	-105.52	-89.34	-77.78	-76.62
14276.51	-113.07	-105.39	-89.40	-77.90	-76.91
14287.28	-112.76	-105.12	-89.38	-77.77	-76.49
14298.05	-112.85	-105.38	-89.20	-77.51	-76.71
14308.81	-112.54	-105.61	-89.40	-77.49	-76.51
14319.58	-112.33	-105.49	-89.67	-77.60	-76.12
14330.35	-112.73	-105.32	-89.54	-77.32	-76.81
14341.11	-112.70	-105.17	-89.46	-77.40	-76.73
14351.88	-112.98	-105.25	-89.24	-77.13	-76.51
14362.65	-112.85	-105.32	-89.28	-77.43	-76.30
14373.41	-112.66	-105.47	-89.20	-77.61	-76.45
14384.18	-112.61	-105.32	-89.09	-77.34	-76.57
14394.95	-112.48	-105.40	-88.86	-77.08	-76.38
14405.71	-112.27	-105.34	-88.80	-76.98	-76.41
14416.48	-112.42	-105.26	-88.68	-77.16	-76.66
14427.25	-112.33	-105.25	-88.61	-77.10	-76.68
14438.01	-112.46	-105.54	-88.72	-76.67	-76.58
14448.78	-112.60	-105.59	-88.63	-76.70	-76.43
14459.55	-112.83	-105.23	-88.72	-76.55	-76.61
14470.31	-112.90	-105.21	-88.70	-76.40	-76.47
14481.08	-112.94	-105.57	-88.20	-76.24	-76.35
14491.85	-112.80	-105.24	-88.42	-76.14	-76.64
14502.61	-112.86	-105.42	-88.40	-76.59	-76.37
14513.38	-112.86	-105.76	-88.41	-76.77	-76.55
14524.15	-112.68	-105.62	-88.54	-76.78	-76.71
14534.91	-112.54	-105.53	-88.20	-76.49	-76.30
14545.68	-112.56	-105.60	-87.98	-76.42	-76.50
14556.45	-112.73	-105.54	-88.02	-76.79	-76.61
14567.21	-112.71	-105.39	-88.31	-76.40	-76.43
14577.98	-112.83	-105.40	-88.25	-75.95	-76.35
14588.75	-112.82	-105.57	-88.08	-75.84	-76.44
14599.51	-112.47	-105.66	-87.85	-76.04	-76.32
14610.28	-112.70	-105.31	-87.68	-75.92	-76.19
14621.04	-112.61	-105.37	-87.65	-76.02	-76.46
14631.81	-112.44	-105.34	-87.58	-76.10	-76.83
14642.58	-112.38	-105.51	-87.61	-75.76	-76.80
14653.34	-112.70	-105.73	-87.89	-75.66	-76.52
14664.11	-112.66	-105.51	-87.90	-75.46	-76.61
14674.88	-112.67	-105.30	-87.74	-75.22	-76.46
14685.64	-112.67	-105.23	-87.33	-75.44	-76.33
14696.41	-112.42	-105.54	-87.52	-75.67	-76.45
14707.18	-112.62	-105.60	-87.72	-75.57	-76.22
14717.94	-112.75	-105.54	-87.71	-75.24	-76.01
14728.71	-112.77	-105.45	-87.65	-75.32	-76.39
14739.48	-112.80	-105.56	-87.33	-75.43	-76.54
14750.24	-112.50	-105.39	-87.17	-75.26	-76.54
14761.01	-112.40	-105.39	-87.25	-74.92	-76.27
14771.78	-112.64	-105.30	-87.36	-75.11	-76.45
14782.54	-112.46	-105.19	-86.99	-75.28	-76.46
14793.31	-112.73	-105.22	-87.13	-75.40	-76.58
14804.08	-112.87	-105.60	-86.99	-75.18	-76.66
14814.84	-112.71	-105.51	-86.78	-74.92	-76.54
14825.61	-112.74	-105.53	-86.95	-74.91	-76.61
14836.38	-112.76	-105.19	-86.79	-74.72	-76.72
14847.14	-112.70	-105.16	-86.62	-74.76	-76.56
14857.91	-112.54	-105.06	-86.68	-74.80	-76.70
14868.68	-112.71	-105.37	-86.63	-75.03	-76.59
14879.44	-112.83	-105.24	-86.58	-74.78	-76.66
14890.21	-112.85	-105.53	-86.47	-74.41	-76.58
14900.98	-112.83	-105.42	-86.51	-74.49	-76.34
14911.74	-112.97	-105.38	-86.65	-74.45	-76.26
14922.51	-112.89	-105.29	-86.53	-74.47	-76.51
14933.28	-112.87	-105.25	-86.32	-74.38	-76.52
14944.04	-112.78	-105.41	-85.92	-74.07	-76.54
14954.81	-112.39	-105.34	-86.03	-73.87	-76.80
14965.58	-112.61	-105.18	-86.11	-73.99	-76.51
14976.34	-112.74	-105.31	-86.09	-73.83	-76.36
14987.11	-112.26	-105.51	-85.62	-73.68	-76.42
14997.88	-112.23	-105.58	-85.57	-73.95	-76.74
15008.64	-112.41	-105.43	-85.67	-73.99	-76.46
15019.41	-112.42	-105.32	-85.71	-73.64	-76.56
15030.18	-112.54	-105.24	-85.59	-73.51	-76.43
15040.94	-112.35	-105.28	-85.72	-73.28	-76.33
15051.71	-112.55	-105.51	-85.53	-73.31	-76.41
15062.48	-112.80	-105.38	-85.76	-73.58	-76.37
15073.24	-112.57	-105.28	-85.45	-73.65	-76.41
15084.01	-112.43	-105.29	-85.36	-73.39	-76.37
15094.78	-112.83	-105.01	-85.56	-73.24	-76.49
15105.54	-112.71	-105.32	-85.39	-73.20	-76.41
15116.31	-112.79	-105.36	-85.26	-73.00	-76.24
15127.08	-112.68	-105.22	-85.32	-72.89	-76.43
15137.84	-112.87	-105.30	-85.02	-72.84	-76.66
15148.61	-112.57	-105.29	-85.13	-72.95	-76.56
15159.38	-112.36	-105.36	-85.08	-72.78	-76.64
15170.14	-112.51	-105.24	-85.21	-72.64	-76.57
15180.91	-112.84	-105.25	-85.00	-72.93	-76.41
15191.67	-112.57	-105.41	-84.91	-73.05	-76.48
15202.44	-112.40	-105.25	-84.68	-72.84	-76.54
15213.21	-112.68	-105.34	-84.29	-72.73	-76.32
15223.97	-112.75	-105.39	-84.40	-72.42	-76.25
15234.74	-112.52	-105.30	-84.57	-72.51	-76.31
15245.51	-112.52	-105.33	-84.69	-72.55	-76.57
15256.27	-112.51	-105.35	-84.48	-72.65	-76.63
15267.04	-112.82	-105.37	-84.37	-72.43	-76.51
15277.81	-112.61	-105.56	-84.33	-72.34	-76.47
15288.57	-112.91	-105.13	-84.14	-72.21	-76.51
15299.34	-112.69	-105.23	-84.10	-72.28	-76.78
15310.11	-112.69	-105.20	-84.28	-72.32	-76.52
15320.87	-112.58	-104.91	-84.33	-72.19	-76.51
15331.64	-112.59	-104.97	-84.07	-72.14	-76.46
15342.41	-112.62	-105.27	-84.13	-71.91	-76.13
15353.17	-112.49	-105.33	-84.09	-71.58	-76.27
15363.94	-112.44	-105.31	-83.92	-71.82	-76.59
15374.71	-112.55	-104.87	-83.75	-71.97	-76.72
15385.47	-112.94	-105.00	-83.42	-71.49	-76.26
15396.24	-113.12	-105.31	-83.28	-71.44	-76.37
15407.01	-112.71	-105.22	-83.57	-71.66	-76.57
15417.77	-112.57	-104.86	-83.36	-71.44	-76.37
15428.54	-112.67	-105.01	-83.29	-71.12	-76.30
15439.31	-112.45	-105.13	-83.43	-71.23	-76.34
15450.07	-112.57	-105.03	-83.41	-71.16	-76.57
15460.84	-112.67	-105.11	-83.20	-71.12	-76.56
15471.61	-112.16	-105.08	-83.02	-71.18	-76.61
15482.37	-112.20	-104.85	-82.70	-71.14	-76.80
15493.14	-112.52	-105.26	-82.90	-70.75	-76.75
15503.91	-112.71	-105.26	-83.02	-70.62	-76.67
15514.67	-112.67	-105.35	-82.70	-70.62	-76.59
15525.44	-112.58	-105.28	-82.62	-70.77	-76.72
15536.21	-112.57	-104.99	-82.57	-70.92	-76.60
15546.97	-112.92	-105.06	-82.74	-70.44	-76.26
15557.74	-112.69	-105.11	-82.42	-70.30	-76.61
15568.51	-112.61	-105.04	-82.48	-70.44	-76.85
15579.27	-112.79	-105.13	-82.55	-70.49	-76.55
15590.04	-112.91	-104.99	-82.55	-70.76	-76.38
15600.81	-112.87	-105.10	-82.64	-70.23	-76.33
15611.57	-112.72	-105.07	-82.17	-69.87	-76.45
15622.34	-112.77	-104.85	-82.23	-70.06	-76.35
15633.11	-112.72	-105.25	-82.28	-70.20	-76.64
15643.87	-112.73	-105.30	-82.27	-70.05	-76.88
15654.64	-112.80	-105.35	-82.45	-70.28	-76.32
15665.41	-112.61	-105.47	-82.12	-70.21	-76.18
15676.17	-112.62	-105.01	-81.91	-69.93	-76.44
15686.94	-112.64	-105.23	-81.96	-69.71	-76.68
15697.71	-112.75	-105.28	-81.91	-69.62	-76.86
15708.47	-112.97	-105.25	-81.68	-69.59	-76.67
15719.24	-112.91	-105.27	-81.87	-69.44	-76.35
15730.00	-112.71	-105.36	-81.90	-69.88	-76.12
15740.77	-112.66	-105.22	-82.01	-69.29	-76.48
15751.54	-112.60	-105.06	-81.67	-69.17	-76.51
15762.30	-112.80	-105.06	-81.11	-69.50	-76.72
15773.07	-112.64	-104.94	-80.81	-69.61	-76.53
15783.84	-112.30	-105.15	-81.05	-69.31	-76.40
15794.60	-112.48	-105.11	-81.28	-69.28	-76.48
15805.37	-112.66	-104.89	-81.15	-69.20	-76.38
15816.14	-112.77	-105.11	-80.98	-69.61	-76.26
15826.90	-112.72	-105.02	-81.02	-69.19	-76.52
15837.67	-112.85	-105.05	-80.89	-69.02	-76.87
15848.44	-112.68	-105.09	-81.00	-68.74	-76.79
15859.20	-112.55	-105.07	-80.83	-68.88	-76.27
15869.97	-112.32	-104.86	-80.71	-68.77	-76.41
15880.74	-112.35	-105.15	-80.56	-68.72	-76.57
15891.50	-112.41	-105.31	-80.63	-68.50	-76.46
15902.27	-112.36	-105.10	-80.61	-68.14	-76.70
15913.04	-112.50	-105.24	-80.56	-68.21	-76.60
15923.80	-112.48	-105.02	-80.78	-68.28	-76.62
15934.57	-112.77	-104.79	-80.54	-68.36	-76.21
15945.34	-112.91	-104.90	-80.17	-68.38	-76.24
15956.10	-112.73	-105.05	-80.16	-68.34	-76.80
15966.87	-112.38	-105.24	-80.13	-68.20	-76.46
15977.64	-112.55	-105.05	-79.95	-68.41	-76.25
15988.40	-112.67	-105.05	-79.92	-68.30	-76.61
15999.17	-112.78	-105.43	-79.86	-68.01	-76.75
16009.94	-112.43	-105.28	-79.76	-67.77	-76.61
16020.70	-112.27	-105.03	-79.77	-67.63	-76.55
16031.47	-112.29	-104.94	-79.82	-67.46	-76.29
16042.24	-112.43	-104.72	-79.57	-67.48	-76.36
16053.00	-112.81	-104.69	-79.66	-67.89	-76.30
16063.77	-112.71	-104.68	-79.52	-67.93	-75.96
16074.54	-112.65	-105.03	-79.38	-67.77	-76.31
16085.30	-112.59	-105.11	-79.65	-67.61	-76.54
16096.07	-112.69	-104.90	-79.98	-67.37	-76.51
16106.84	-112.68	-104.81	-79.44	-67.34	-76.41
16117.60	-112.69	-104.69	-79.34	-67.06	-76.33
16128.37	-112.59	-104.76	-79.22	-67.30	-76.35
16139.14	-112.44	-104.91	-79.17	-67.13	-76.70
16149.90	-112.88	-105.04	-79.12	-67.13	-76.72
16160.67	-112.75	-105.13	-79.23	-67.31	-76.75
16171.44	-112.78	-104.87	-79.25	-67.22	-76.48
16182.20	-112.98	-105.08	-78.92	-67.04	-76.45
16192.97	-112.74	-105.17	-78.93	-66.90	-76.12
16203.74	-112.59	-105.09	-78.87	-67.21	-76.25
16214.50	-112.90	-104.87	-78.70	-66.80	-76.07
16225.27	-112.88	-104.97	-78.59	-66.37	-76.35
16236.04	-112.64	-105.13	-78.73	-66.45	-76.72
16246.80	-112.49	-104.89	-78.71	-66.54	-76.86
16257.57	-112.74	-105.01	-78.53	-66.48	-76.82
16268.33	-112.68	-104.99	-78.69	-66.18	-76.60
16279.10	-112.55	-105.11	-78.55	-65.98	-76.38
16289.87	-112.53	-105.15	-78.48	-66.30	-76.62
16300.63	-112.32	-104.95	-78.57	-66.24	-76.90
16311.40	-112.83	-104.78	-78.70	-66.37	-76.57
16322.17	-112.74	-104.78	-78.04	-66.27	-76.36
16332.93	-112.70	-104.92	-78.18	-66.17	-76.58
16343.70	-112.68	-105.00	-78.47	-66.22	-76.75
16354.47	-112.63	-104.56	-78.38	-66.12	-76.32
16365.23	-112.69	-104.76	-78.34	-66.11	-76.52
16376.00	-112.69	-104.94	-78.14	-65.88	-76.73
16386.77	-112.78	-104.78	-77.96	-65.67	-76.53
16397.53	-112.38	-104.79	-78.06	-65.75	-76.58
16408.30	-112.33	-104.87	-77.83	-65.95	-76.48
16419.07	-112.60	-105.07	-77.87	-65.73	-76.51
16429.83	-112.56	-104.73	-77.66	-65.57	-76.60
16440.60	-112.38	-104.76	-77.73	-65.67	-76.53
16451.37	-112.28	-105.11	-77.50	-65.69	-76.42
16462.13	-112.31	-105.32	-77.48	-65.19	-76.70
16472.90	-112.48	-105.19	-77.47	-65.15	-76.70
16483.67	-112.81	-104.77	-77.24	-65.28	-76.49
16494.43	-112.57	-104.70	-77.15	-65.16	-76.57
16505.20	-112.63	-105.19	-77.43	-65.26	-76.38
16515.97	-112.85	-105.03	-77.53	-65.16	-76.38
16526.73	-112.57	-104.74	-77.22	-65.37	-76.42
16537.50	-112.56	-104.74	-77.15	-65.30	-76.43
16548.27	-112.40	-104.73	-77.12	-64.93	-76.46
16559.03	-112.63	-104.66	-77.28	-65.01	-76.42
16569.80	-112.67	-104.92	-77.04	-64.86	-76.55
16580.57	-112.81	-104.80	-77.09	-64.60	-76.55
16591.33	-112.97	-104.75	-77.00	-64.64	-76.73
16602.10	-112.77	-104.68	-76.77	-64.67	-77.15
16612.87	-112.61	-104.67	-76.71	-64.65	-76.85
16623.63	-112.57	-105.12	-76.85	-64.42	-76.19
16634.40	-112.82	-105.11	-76.74	-64.39	-76.40
16645.17	-112.77	-105.14	-76.75	-64.60	-76.66
16655.93	-112.76	-104.99	-76.72	-64.56	-76.55
16666.70	-112.73	-104.89	-76.51	-64.48	-76.26
16677.47	-112.59	-104.80	-76.57	-64.40	-76.29
16688.23	-112.74	-104.62	-76.45	-64.21	-76.50
16699.00	-112.74	-104.84	-76.25	-64.36	-76.76
16709.77	-112.37	-104.68	-76.22	-64.41	-76.61
16720.53	-112.68	-104.83	-76.26	-64.43	-76.60
16731.30	-112.70	-104.73	-76.16	-64.30	-76.40
16742.07	-112.75	-104.78	-76.25	-64.41	-76.56
16752.83	-112.61	-105.05	-76.38	-64.48	-76.66
16763.60	-112.62	-105.20	-76.32	-64.48	-76.61
16774.37	-112.61	-105.50	-76.14	-64.13	-76.52
16785.13	-112.59	-105.04	-76.16	-64.08	-76.31
16795.90	-112.59	-104.81	-76.20	-64.13	-76.47
16806.67	-112.72	-104.60	-76.37	-64.23	-76.32
16817.43	-112.93	-104.90	-76.26	-64.10	-76.43
16828.20	-112.84	-105.24	-76.00	-64.16	-76.24
16838.96	-112.64	-105.20	-75.91	-63.93	-76.44
16849.73	-112.82	-104.74	-75.89	-63.97	-76.54
16860.50	-112.77	-104.49	-75.57	-63.98	-76.29
16871.26	-112.57	-104.70	-75.80	-64.04	-76.49
16882.03	-112.84	-104.98	-75.95	-63.89	-76.69
16892.80	-112.56	-104.88	-75.64	-63.80	-76.61
16903.56	-112.46	-104.82	-75.87	-63.59	-76.60
16914.33	-112.62	-104.63	-75.93	-63.55	-76.54
16925.10	-112.44	-104.98	-75.91	-63.58	-76.52
16935.86	-112.38	-105.10	-75.80	-63.50	-76.39
16946.63	-112.43	-105.19	-75.69	-63.64	-76.49
16957.40	-112.39	-105.01	-75.62	-63.84	-76.60
16968.16	-112.61	-104.66	-75.45	-63.72	-76.43
16978.93	-112.90	-104.90	-75.44	-63.79	-76.33
16989.70	-112.69	-105.16	-75.37	-63.54	-76.35
17000.46	-112.63	-104.98	-75.38	-63.56	-76.63
17011.23	-112.91	-104.93	-75.30	-63.43	-76.62
17022.00	-112.80	-104.59	-75.33	-63.46	-76.47
17032.76	-112.72	-104.55	-75.72	-63.37	-76.61
17043.53	-112.53	-104.67	-75.55	-62.95	-76.70
17054.30	-112.68	-104.62	-75.37	-63.21	-76.60
17065.06	-112.54	-104.62	-75.35	-63.32	-76.41
17075.83	-112.34	-104.60	-75.47	-63.23	-76.41
17086.60	-112.54	-104.58	-75.30	-63.33	-76.48
17097.36	-112.62	-104.82	-75.36	-63.05	-76.45
17108.13	-112.44	-105.04	-75.52	-63.36	-76.62
17118.90	-112.61	-105.16	-75.41	-63.43	-76.69
17129.66	-112.71	-104.81	-75.48	-63.29	-76.51
17140.43	-112.56	-104.70	-75.48	-63.25	-76.58
17151.20	-112.66	-104.82	-75.74	-63.26	-76.58
17161.96	-112.57	-104.91	-75.35	-63.12	-76.58
17172.73	-112.42	-104.77	-75.30	-63.11	-76.53
17183.50	-112.37	-104.82	-75.13	-63.21	-76.63
17194.26	-112.50	-104.93	-75.04	-63.21	-76.74
17205.03	-112.80	-104.63	-75.04	-63.30	-76.53
17215.80	-112.66	-104.76	-75.04	-62.99	-76.53
17226.56	-112.55	-104.85	-74.88	-63.09	-76.43
17237.33	-112.57	-104.88	-74.82	-63.28	-76.40
17248.10	-112.71	-104.79	-74.73	-63.14	-76.46
17258.86	-112.89	-104.66	-74.59	-63.28	-76.63
17269.63	-112.72	-104.81	-74.88	-63.20	-76.66
17280.40	-112.69	-104.99	-75.28	-63.09	-76.44
17291.16	-112.93	-104.98	-75.27	-63.26	-76.47
17301.93	-112.57	-104.94	-75.15	-62.79	-76.56
17312.70	-112.62	-105.15	-75.06	-62.79	-76.61
17323.46	-112.54	-105.11	-74.93	-62.98	-76.73
17334.23	-112.24	-104.99	-75.01	-62.87	-76.90
17345.00	-112.27	-104.97	-75.07	-62.95	-76.76
17355.76	-112.29	-105.17	-75.15	-62.77	-76.52
17366.53	-112.64	-105.09	-74.79	-63.09	-76.71
17377.29	-112.61	-104.99	-74.51	-63.29	-76.46
17388.06	-112.56	-104.89	-74.60	-63.03	-76.17
17398.83	-112.53	-104.98	-74.81	-62.56	-76.08
17409.59	-112.86	-104.99	-75.05	-62.71	-76.44
17420.36	-112.74	-104.90	-74.79	-62.70	-76.63
17431.13	-112.41	-104.86	-74.90	-62.82	-76.48
17441.89	-112.23	-104.54	-74.94	-62.88	-76.60
17452.66	-112.47	-104.46	-75.02	-62.50	-76.68
17463.43	-112.60	-104.81	-74.78	-62.44	-76.72
17474.19	-112.74	-104.61	-74.62	-62.77	-76.82
17484.96	-112.73	-104.44	-74.55	-63.03	-76.69
17495.73	-112.47	-104.63	-74.92	-62.80	-76.79
17506.49	-112.66	-104.54	-75.00	-63.21	-76.64
17517.26	-112.60	-104.95	-75.07	-62.90	-76.71
17528.03	-112.49	-104.68	-75.12	-62.57	-76.67
17538.79	-112.62	-104.78	-74.98	-62.64	-76.36
17549.56	-112.57	-104.80	-74.79	-62.77	-76.29
17560.33	-113.03	-104.66	-74.70	-62.47	-76.41
17571.09	-113.10	-104.56	-74.94	-62.49	-76.47
17581.86	-112.63	-104.55	-74.72	-62.56	-76.33
17592.63	-112.57	-104.67	-74.82	-62.66	-76.24
17603.39	-112.29	-105.03	-74.63	-62.66	-76.37
17614.16	-112.31	-104.95	-74.70	-62.58	-76.45
17624.93	-112.48	-104.63	-74.77	-62.50	-76.63
17635.69	-112.58	-104.90	-74.81	-62.51	-76.32
17646.46	-112.73	-104.73	-74.62	-62.51	-76.45
17657.23	-112.91	-104.41	-74.09	-62.61	-76.52
17667.99	-112.44	-104.69	-74.41	-62.68	-76.56
17678.76	-112.49	-105.09	-74.44	-62.69	-76.66
17689.53	-112.65	-104.78	-74.18	-62.47	-76.37
17700.29	-112.39	-104.90	-74.59	-62.65	-76.19
17711.06	-112.46	-104.64	-74.86	-62.67	-76.45
17721.83	-112.46	-104.69	-74.46	-62.86	-76.41
17732.59	-112.39	-104.51	-74.33	-62.68	-76.30
17743.36	-112.64	-104.44	-74.53	-62.51	-76.52
17754.13	-112.87	-104.66	-74.34	-62.43	-76.40
17764.89	-112.71	-104.90	-74.46	-62.72	-76.48
17775.66	-112.56	-104.69	-74.45	-62.87	-76.92
17786.43	-112.61	-104.79	-74.45	-62.58	-76.71
17797.19	-112.59	-104.74	-74.67	-62.67	-76.64
17807.96	-112.68	-104.68	-74.58	-62.72	-76.73
17818.73	-112.57	-104.79	-74.53	-62.69	-76.53
17829.49	-112.65	-104.97	-74.69	-62.50	-76.16
17840.26	-112.67	-104.96	-74.82	-62.46	-76.08
17851.03	-112.77	-104.90	-74.94	-62.62	-76.36
17861.79	-112.56	-104.66	-74.96	-62.69	-76.51
17872.56	-112.28	-105.14	-75.04	-62.94	-76.39
17883.33	-112.50	-105.24	-74.84	-62.82	-76.56
17894.09	-112.52	-104.77	-74.31	-63.02	-76.77
17904.86	-112.40	-104.71	-74.40	-63.00	-76.63
17915.62	-112.39	-104.58	-74.67	-62.76	-76.42
17926.39	-112.53	-104.62	-74.49	-62.57	-76.39
17937.16	-112.44	-104.40	-74.50	-62.78	-76.57
17947.92	-112.19	-104.54	-74.63	-62.68	-76.41
17958.69	-112.32	-104.63	-74.83	-62.51	-76.60
17969.46	-112.63	-104.45	-74.63	-62.57	-76.68
17980.22	-112.67	-104.49	-74.60	-62.79	-76.72
17990.99	-112.70	-104.74	-74.53	-62.70	-76.66
18001.76	-112.77	-104.56	-74.73	-62.33	-76.55
18012.52	-112.83	-104.60	-75.00	-62.16	-76.50
18023.29	-112.98	-104.60	-74.69	-62.60	-76.44
18034.06	-112.83	-104.52	-74.76	-62.52	-76.36
18044.82	-112.96	-104.62	-74.81	-62.42	-76.26
18055.59	-112.97	-104.92	-74.52	-62.33	-76.16
18066.36	-112.72	-104.46	-74.54	-62.46	-76.51
18077.12	-112.76	-104.45	-74.57	-62.57	-76.61
18087.89	-112.55	-104.44	-74.81	-62.51	-76.45
18098.66	-112.56	-104.57	-74.73	-62.56	-76.49
18109.42	-112.59	-104.55	-74.36	-62.41	-76.41
18120.19	-112.68	-104.44	-74.67	-62.56	-76.23
18130.96	-112.74	-104.33	-74.80	-62.55	-76.53
18141.72	-112.61	-104.35	-74.84	-62.34	-76.47
18152.49	-112.46	-104.58	-74.61	-62.40	-76.51
18163.26	-112.51	-104.66	-74.46	-62.38	-76.70
18174.02	-112.60	-104.58	-74.55	-62.55	-76.61
18184.79	-112.64	-104.39	-74.64	-62.61	-76.46
18195.56	-112.47	-104.61	-74.75	-62.58	-76.47
18206.32	-112.36	-104.73	-74.79	-62.33	-76.57
18217.09	-112.32	-104.54	-74.48	-62.35	-76.68
18227.86	-112.73	-104.42	-74.22	-62.44	-76.31
18238.62	-112.76	-104.83	-74.20	-62.51	-76.09
18249.39	-112.63	-104.89	-74.57	-62.41	-76.25
18260.16	-112.70	-104.76	-75.01	-62.81	-76.50
18270.92	-112.74	-104.64	-74.93	-62.98	-76.52
18281.69	-112.68	-104.62	-74.74	-62.64	-76.68
18292.46	-112.40	-104.62	-74.70	-62.58	-76.74
18303.22	-112.60	-104.62	-74.84	-62.69	-76.69
18313.99	-112.55	-104.46	-74.82	-62.65	-76.66
18324.76	-112.18	-104.37	-74.96	-62.87	-76.50
18335.52	-112.35	-104.45	-75.04	-63.05	-76.35
18346.29	-112.79	-104.30	-74.65	-62.70	-76.57
18357.06	-112.88	-104.59	-74.63	-62.59	-76.59
18367.82	-112.64	-104.77	-74.66	-62.64	-76.51
18378.59	-112.67	-104.74	-74.70	-63.00	-76.47
18389.36	-112.73	-104.66	-74.90	-62.91	-76.44
18400.12	-112.63	-104.57	-74.79	-62.85	-76.53
18410.89	-112.97	-104.33	-74.51	-62.76	-76.38
18421.66	-112.86	-104.39	-74.51	-62.77	-76.62
18432.42	-112.83	-104.63	-74.65	-62.91	-76.67
18443.19	-112.85	-104.70	-74.78	-63.09	-76.70
18453.96	-113.08	-104.72	-74.95	-63.03	-76.36
18464.72	-112.93	-104.61	-75.21	-62.77	-76.68
18475.49	-112.93	-104.55	-75.22	-62.61	-76.79
18486.25	-112.93	-104.86	-74.97	-62.70	-76.70
18497.02	-112.57	-104.64	-74.76	-62.71	-76.63
18507.79	-112.85	-104.59	-74.91	-62.79	-76.34
18518.55	-112.73	-104.53	-75.06	-62.80	-76.49
18529.32	-112.59	-104.45	-74.93	-62.87	-76.55
18540.09	-112.84	-104.68	-74.63	-62.91	-76.52
18550.85	-112.84	-104.53	-74.60	-62.92	-76.79
18561.62	-112.52	-104.78	-74.53	-62.60	-76.49
18572.39	-112.78	-104.98	-74.50	-62.44	-76.32
18583.15	-113.14	-105.05	-74.54	-62.78	-76.74
18593.92	-112.86	-104.96	-75.08	-62.82	-76.65
18604.69	-112.47	-104.84	-75.17	-62.60	-76.51
18615.45	-112.35	-105.08	-75.10	-62.54	-76.63
18626.22	-112.39	-104.75	-75.00	-62.86	-76.62
18636.99	-112.61	-104.54	-74.95	-62.86	-76.61
18647.75	-112.87	-104.56	-74.72	-62.92	-76.53
18658.52	-112.70	-104.93	-74.65	-62.84	-76.51
18669.29	-112.74	-104.90	-75.10	-62.52	-76.47
18680.05	-112.67	-104.41	-75.18	-62.51	-76.35
18690.82	-112.81	-104.35	-74.75	-62.76	-76.45
18701.59	-112.92	-104.36	-74.30	-63.06	-76.44
18712.35	-112.59	-104.59	-74.49	-63.03	-76.71
18723.12	-112.77	-104.41	-74.82	-62.73	-76.69
18733.89	-112.72	-104.62	-74.80	-62.78	-76.43
18744.65	-112.55	-104.79	-75.12	-62.87	-76.37
18755.42	-112.66	-104.91	-75.01	-62.48	-76.35
18766.19	-112.89	-104.64	-74.90	-62.45	-76.42
18776.95	-112.84	-104.66	-74.88	-62.64	-76.58
18787.72	-112.57	-104.84	-74.77	-62.79	-76.67
18798.49	-112.20	-104.64	-74.66	-63.06	-76.46
18809.25	-112.38	-104.33	-75.12	-62.96	-76.69
18820.02	-112.55	-104.43	-75.30	-62.50	-76.64
18830.79	-112.57	-104.55	-74.90	-62.70	-76.31
18841.55	-112.46	-104.71	-74.74	-62.74	-76.14
18852.32	-112.46	-104.54	-74.53	-62.75	-76.36
18863.09	-112.58	-104.39	-74.78	-62.98	-76.41
18873.85	-112.94	-104.81	-74.86	-63.06	-76.54
18884.62	-112.70	-104.69	-74.79	-62.98	-76.40
18895.39	-112.75	-104.57	-74.85	-63.16	-76.20
18906.15	-112.68	-104.56	-74.82	-62.97	-76.25
18916.92	-112.72	-104.52	-74.99	-62.85	-76.52
18927.69	-112.75	-104.70	-74.93	-62.86	-76.53
18938.45	-112.65	-104.57	-75.07	-62.61	-76.63
18949.22	-112.64	-104.20	-74.80	-62.64	-76.65
18959.99	-112.60	-104.41	-74.94	-62.92	-76.50
18970.75	-112.63	-104.66	-75.11	-62.68	-76.69
18981.52	-112.72	-104.62	-75.03	-62.64	-76.91
18992.29	-112.58	-104.68	-74.83	-62.78	-76.55
19003.05	-112.62	-104.41	-74.66	-62.80	-76.51
19013.82	-112.53	-104.24	-74.82	-62.52	-76.65
19024.58	-112.41	-104.38	-75.00	-62.73	-76.86
19035.35	-112.19	-104.95	-74.84	-62.80	-76.60
19046.12	-112.11	-105.05	-74.92	-62.91	-76.22
19056.88	-112.28	-105.08	-74.80	-63.07	-76.30
19067.65	-112.47	-104.62	-74.63	-62.93	-76.49
19078.42	-112.61	-104.52	-74.74	-62.86	-76.46
19089.18	-112.64	-104.84	-74.93	-62.98	-76.26
19099.95	-112.72	-104.62	-74.98	-62.71	-76.32
19110.72	-112.69	-104.76	-75.16	-63.00	-76.32
19121.48	-112.53	-104.76	-74.80	-62.93	-76.39
19132.25	-112.64	-104.64	-74.93	-62.86	-76.30
19143.02	-112.77	-104.75	-74.65	-62.87	-76.43
19153.78	-112.63	-104.69	-74.65	-62.67	-76.26
19164.55	-112.57	-104.67	-74.80	-63.06	-76.40
19175.32	-112.50	-104.93	-74.84	-63.00	-76.54
19186.08	-112.18	-104.80	-75.00	-62.91	-76.49
19196.85	-112.40	-104.72	-75.08	-62.88	-76.47
19207.62	-112.72	-104.86	-74.76	-62.60	-76.58
19218.38	-112.79	-104.63	-74.62	-62.86	-76.57
19229.15	-112.99	-104.51	-74.80	-62.94	-76.43
19239.92	-112.77	-104.22	-74.81	-62.94	-76.17
19250.68	-112.69	-104.32	-74.71	-62.72	-76.28
19261.45	-112.43	-104.60	-74.70	-63.01	-76.16
19272.22	-112.66	-104.56	-74.91	-63.20	-76.32
19282.98	-112.73	-104.66	-74.77	-63.02	-76.53
19293.75	-112.66	-104.72	-74.87	-62.47	-76.82
19304.52	-112.81	-104.41	-75.01	-62.54	-76.39
19315.28	-112.81	-104.36	-74.95	-62.66	-76.37
19326.05	-112.75	-104.35	-74.79	-62.92	-76.65
19336.82	-112.54	-104.51	-74.82	-62.94	-76.64
19347.58	-112.41	-104.85	-74.85	-63.11	-76.84
19358.35	-112.66	-104.59	-75.02	-63.36	-76.52
19369.12	-112.77	-104.27	-74.98	-63.25	-76.60
19379.88	-112.25	-104.39	-74.80	-62.84	-76.72
19390.65	-112.33	-104.32	-74.91	-62.45	-76.48
19401.42	-112.46	-104.24	-75.15	-62.69	-76.45
19412.18	-112.56	-104.27	-74.85	-62.86	-76.37
19422.95	-112.63	-104.28	-75.04	-63.11	-76.85
19433.72	-112.32	-104.39	-74.94	-62.97	-76.74
19444.48	-112.40	-104.06	-74.85	-62.86	-76.71
19455.25	-112.57	-104.55	-74.61	-62.83	-76.70
19466.02	-112.59	-104.40	-74.51	-62.93	-76.27
19476.78	-112.87	-104.38	-74.59	-63.10	-76.42
19487.55	-112.44	-104.62	-74.62	-62.92	-76.79
19498.32	-112.62	-104.63	-74.79	-63.00	-76.65
19509.08	-112.76	-104.65	-74.87	-63.00	-76.48
19519.85	-112.64	-104.56	-74.98	-62.69	-76.57
19530.62	-112.42	-104.53	-74.77	-63.01	-76.45
19541.38	-112.75	-104.35	-74.78	-63.01	-76.34
19552.15	-112.81	-104.67	-75.05	-62.66	-76.61
19562.92	-112.50	-104.71	-74.83	-62.86	-76.61
19573.68	-112.29	-104.46	-74.79	-62.95	-76.52
19584.45	-112.40	-104.38	-74.97	-63.06	-76.27
19595.21	-112.54	-104.48	-74.97	-62.68	-76.34
19605.98	-112.85	-104.36	-74.75	-62.48	-76.66
19616.75	-112.48	-104.50	-74.64	-62.82	-76.57
19627.51	-112.36	-104.51	-74.90	-62.87	-76.56
19638.28	-112.91	-104.49	-75.00	-62.88	-76.27
19649.05	-112.82	-104.41	-74.79	-62.81	-76.24
19659.81	-112.56	-104.31	-74.66	-62.76	-76.46
19670.58	-112.58	-104.42	-74.75	-62.89	-76.49
19681.35	-112.77	-104.33	-75.02	-62.68	-76.55
19692.11	-112.58	-104.20	-75.10	-62.64	-76.67
19702.88	-112.62	-104.26	-75.34	-62.90	-76.66
19713.65	-112.70	-104.30	-75.20	-62.98	-76.73
19724.41	-112.61	-104.35	-74.88	-62.95	-76.60
19735.18	-112.61	-104.32	-75.02	-63.02	-76.28
19745.95	-112.83	-104.38	-75.07	-62.92	-76.23
19756.71	-112.46	-104.54	-75.05	-62.69	-76.52
19767.48	-112.45	-104.65	-75.07	-62.76	-76.54
19778.25	-112.61	-104.69	-74.94	-62.84	-76.64
19789.01	-112.77	-104.66	-74.83	-63.00	-76.36
19799.78	-113.19	-104.22	-75.03	-63.08	-76.44
19810.55	-112.93	-104.26	-75.01	-63.10	-76.67
19821.31	-112.51	-104.39	-74.85	-62.84	-76.51
19832.08	-112.66	-104.32	-74.87	-62.67	-76.42
19842.85	-112.65	-104.17	-74.93	-62.69	-76.54
19853.61	-112.53	-104.18	-74.86	-62.85	-76.45
19864.38	-112.63	-104.52	-74.94	-62.91	-76.39
19875.15	-112.92	-104.30	-74.75	-63.00	-76.58
19885.91	-113.06	-104.42	-74.98	-63.03	-76.56
19896.68	-112.74	-104.37	-75.10	-62.81	-76.65
19907.45	-112.49	-104.48	-75.31	-62.92	-76.59
19918.21	-112.84	-104.54	-75.03	-62.79	-76.51
19928.98	-112.92	-104.76	-74.82	-62.93	-76.66
19939.75	-112.83	-104.65	-74.99	-62.74	-76.67
19950.51	-112.56	-104.59	-74.74	-62.84	-76.49
19961.28	-112.61	-104.65	-74.52	-63.08	-76.38
19972.05	-112.79	-104.50	-74.52	-62.97	-76.36
19982.81	-112.52	-104.24	-74.97	-62.91	-76.33
19993.58	-112.38	-104.48	-74.85	-62.90	-76.44
20004.35	-112.43	-104.40	-74.65	-62.99	-76.46
20015.11	-112.49	-104.60	-74.93	-62.76	-76.68
20025.88	-112.93	-104.47	-74.69	-62.72	-76.62
20036.65	-113.00	-104.57	-74.74	-62.58	-76.36
20047.41	-112.66	-104.37	-74.88	-62.75	-76.40
20058.18	-112.52	-104.25	-75.24	-63.01	-76.33
20068.95	-112.50	-104.52	-75.13	-62.87	-76.59
20079.71	-112.59	-104.41	-75.02	-62.72	-76.58
20090.48	-112.50	-104.45	-74.88	-62.77	-76.35
20101.25	-112.68	-104.89	-74.61	-62.84	-76.25
20112.01	-112.98	-104.78	-74.72	-62.74	-76.51
20122.78	-112.83	-104.47	-75.24	-62.64	-76.37
20133.54	-112.77	-104.46	-75.00	-62.69	-76.16
20144.31	-112.80	-104.82	-74.88	-62.95	-76.26
20155.08	-112.70	-104.36	-74.90	-62.62	-76.39
20165.84	-112.69	-104.39	-75.14	-62.64	-76.53
20176.61	-112.48	-104.56	-75.03	-62.91	-76.49
20187.38	-112.49	-104.72	-74.71	-62.96	-76.60
20198.14	-112.42	-104.45	-74.84	-62.84	-76.67
20208.91	-112.44	-104.37	-74.50	-62.69	-76.67
20219.68	-112.43	-104.54	-75.01	-62.70	-76.41
20230.44	-112.75	-104.33	-75.05	-62.76	-76.49
20241.21	-112.49	-104.41	-74.85	-62.84	-76.43
20251.98	-112.55	-104.31	-74.80	-62.88	-76.51
20262.74	-112.69	-104.46	-74.67	-62.62	-76.61
20273.51	-112.75	-104.57	-74.76	-62.64	-76.44
20284.28	-112.47	-104.61	-75.04	-62.78	-76.38
20295.04	-112.39	-104.83	-75.06	-62.78	-76.43
20305.81	-112.59	-104.78	-74.80	-62.80	-76.57
20316.58	-112.74	-104.75	-74.68	-62.85	-76.66
20327.34	-112.77	-104.43	-74.60	-62.85	-76.73
20338.11	-112.66	-104.35	-74.79	-63.07	-76.79
20348.88	-112.58	-104.46	-74.71	-62.80	-76.46
20359.64	-112.53	-104.45	-74.69	-62.25	-76.57
20370.41	-112.67	-104.43	-74.74	-62.60	-76.57
20381.18	-112.63	-104.70	-75.08	-62.66	-76.41
20391.94	-112.62	-104.70	-74.88	-62.81	-76.34
20402.71	-112.68	-104.60	-74.64	-62.72	-76.64
20413.48	-112.72	-104.57	-74.64	-62.59	-76.87
20424.24	-112.74	-104.58	-74.91	-62.43	-76.73
20435.01	-112.83	-104.73	-74.87	-62.65	-76.82
20445.78	-112.83	-104.87	-74.65	-62.81	-76.81
20456.54	-112.71	-104.75	-74.62	-62.63	-76.54
20467.31	-112.71	-104.63	-74.82	-62.69	-76.49
20478.08	-112.97	-104.49	-74.82	-62.67	-76.58
20488.84	-112.87	-104.30	-74.61	-62.65	-76.43
20499.61	-112.64	-104.48	-74.59	-62.70	-76.49
20510.38	-112.51	-104.37	-74.52	-62.95	-76.62
20521.14	-112.71	-104.45	-74.59	-62.74	-76.45
20531.91	-112.56	-104.32	-74.77	-62.89	-76.59
20542.68	-112.53	-104.30	-74.68	-62.83	-76.54
20553.44	-112.94	-104.72	-74.88	-62.69	-76.49
20564.21	-112.84	-104.75	-74.88	-62.45	-76.58
20574.98	-112.54	-104.52	-74.85	-62.52	-76.76
20585.74	-112.76	-104.15	-74.90	-62.46	-76.59
20596.51	-112.76	-104.02	-74.90	-62.73	-76.39
20607.28	-112.76	-104.27	-74.98	-62.68	-76.57
20618.04	-112.69	-104.28	-74.85	-62.71	-76.45
20628.81	-112.70	-104.45	-75.13	-62.77	-76.56
20639.58	-112.61	-104.32	-75.17	-62.82	-76.56
20650.34	-112.64	-104.39	-74.62	-62.75	-76.45
20661.11	-112.24	-104.33	-74.85	-62.95	-76.32
20671.88	-112.41	-104.32	-74.94	-62.76	-76.24
20682.64	-112.62	-104.34	-75.04	-62.75	-76.38
20693.41	-112.77	-104.55	-74.87	-62.65	-76.47
20704.17	-112.69	-104.35	-75.00	-62.89	-76.23
20714.94	-112.47	-104.46	-75.02	-62.75	-76.31
20725.71	-112.58	-104.45	-74.77	-62.50	-76.39
20736.47	-112.92	-104.34	-74.79	-62.64	-76.71
20747.24	-112.66	-104.23	-75.01	-62.61	-76.91
20758.01	-112.89	-104.69	-75.01	-62.82	-76.69
20768.77	-112.82	-104.69	-74.98	-62.74	-76.48
20779.54	-112.35	-104.50	-74.83	-62.60	-76.26
20790.31	-112.33	-104.21	-74.83	-62.53	-76.40
20801.07	-112.68	-104.25	-75.01	-62.81	-76.48
20811.84	-112.73	-104.41	-74.86	-62.55	-76.34
20822.61	-112.79	-104.29	-74.56	-62.39	-76.32
20833.37	-112.52	-104.12	-74.39	-62.64	-76.39
20844.14	-112.58	-104.38	-74.60	-62.87	-76.52
20854.91	-112.81	-104.32	-74.64	-62.76	-76.23
20865.67	-112.89	-104.48	-74.56	-62.78	-76.27
20876.44	-112.82	-104.62	-74.74	-62.83	-76.58
20887.21	-112.70	-104.36	-74.93	-62.57	-76.50
20897.97	-112.58	-104.33	-75.06	-62.37	-76.47
20908.74	-112.55	-104.77	-74.93	-62.52	-76.47
20919.51	-112.76	-104.64	-74.85	-62.62	-76.25
20930.27	-112.77	-104.41	-74.88	-62.37	-76.68
20941.04	-112.70	-104.42	-74.75	-62.19	-76.68
20951.81	-112.59	-104.61	-75.11	-62.63	-76.37
20962.57	-112.40	-104.43	-74.79	-62.49	-76.23
20973.34	-112.43	-104.30	-74.72	-62.70	-76.53
20984.11	-112.67	-104.36	-74.79	-62.89	-76.46
20994.87	-112.81	-104.29	-74.92	-62.90	-76.69
21005.64	-112.46	-104.42	-74.58	-62.77	-77.04
21016.41	-112.51	-104.30	-74.48	-62.85	-76.74
21027.17	-112.79	-104.04	-74.75	-62.85	-76.34
21037.94	-112.80	-104.33	-74.89	-62.79	-76.61
21048.71	-112.98	-104.49	-74.63	-62.52	-76.60
21059.47	-112.62	-104.52	-74.53	-62.57	-76.36
21070.24	-112.49	-104.51	-74.52	-62.57	-76.50
21081.01	-112.42	-104.24	-74.52	-62.44	-76.66
21091.77	-112.55	-104.37	-74.50	-62.45	-76.49
21102.54	-112.43	-104.40	-74.66	-62.64	-76.29
21113.31	-112.53	-104.34	-74.63	-62.99	-76.55
21124.07	-112.49	-104.51	-74.58	-62.84	-76.50
21134.84	-112.32	-104.70	-74.55	-62.50	-76.64
21145.61	-112.53	-104.52	-74.57	-62.65	-76.57
21156.37	-112.67	-104.41	-74.59	-62.82	-76.30
21167.14	-112.58	-104.37	-74.73	-62.61	-76.45
21177.91	-112.56	-104.44	-74.72	-62.53	-76.55
21188.67	-112.84	-104.39	-74.54	-62.71	-76.15
21199.44	-112.85	-104.34	-74.87	-62.46	-76.11
21210.21	-112.68	-104.15	-74.82	-62.51	-76.39
21220.97	-112.85	-104.19	-74.85	-62.76	-76.58
21231.74	-112.80	-104.23	-74.74	-62.73	-76.22
21242.50	-112.47	-104.24	-74.82	-62.68	-76.50
21253.27	-112.52	-104.18	-74.63	-62.86	-76.54
21264.04	-112.93	-104.43	-74.44	-62.48	-76.43
21274.80	-112.81	-104.25	-74.45	-62.70	-76.43
21285.57	-112.32	-104.13	-74.59	-62.80	-76.45
21296.34	-112.32	-104.52	-74.54	-62.64	-76.63
21307.10	-112.67	-104.92	-74.65	-62.66	-76.66
21317.87	-112.65	-104.56	-74.64	-62.72	-76.58
21328.64	-112.70	-104.32	-74.79	-62.58	-76.40
21339.40	-112.36	-104.44	-74.79	-62.68	-76.59
21350.17	-112.40	-104.54	-74.51	-62.59	-76.50
21360.94	-112.61	-104.37	-74.35	-62.60	-76.54
21371.70	-112.47	-104.32	-74.77	-62.78	-76.37
21382.47	-112.75	-104.42	-74.86	-62.79	-76.44
21393.24	-112.53	-104.67	-74.95	-62.70	-76.48
21404.00	-112.51	-104.42	-75.19	-62.57	-76.49
21414.77	-112.56	-104.47	-75.05	-62.74	-76.58
21425.54	-112.46	-104.60	-74.93	-62.37	-76.52
21436.30	-112.45	-104.29	-74.79	-62.37	-76.75
21447.07	-112.64	-104.28	-74.49	-62.57	-76.54
21457.84	-112.60	-104.63	-74.49	-62.63	-76.30
21468.60	-112.17	-104.71	-74.81	-62.63	-76.34
21479.37	-112.37	-104.65	-74.55	-62.68	-76.69
21490.14	-112.68	-104.42	-74.56	-62.62	-76.54
21500.90	-112.57	-104.38	-74.70	-62.53	-76.46
21511.67	-112.50	-104.55	-74.92	-62.55	-76.51
21522.44	-112.56	-104.29	-74.96	-62.47	-76.30
21533.20	-112.53	-104.31	-74.79	-62.28	-76.46
21543.97	-112.60	-104.22	-74.83	-62.42	-76.35
21554.74	-112.79	-104.38	-74.83	-62.44	-76.58
21565.50	-112.71	-104.70	-74.83	-62.53	-76.76
21576.27	-112.47	-104.45	-74.65	-62.90	-76.44
21587.04	-112.41	-104.34	-74.86	-62.85	-76.71
21597.80	-112.83	-104.27	-74.53	-62.50	-76.78
21608.57	-112.78	-104.35	-74.35	-62.61	-76.63
21619.34	-112.40	-104.33	-74.79	-62.81	-76.55
21630.10	-112.22	-104.36	-74.81	-62.54	-76.66
21640.87	-112.51	-104.29	-74.64	-62.52	-76.33
21651.64	-112.87	-104.48	-74.33	-62.34	-76.43
21662.40	-113.09	-104.66	-74.56	-62.53	-76.72
21673.17	-112.83	-104.35	-74.64	-62.63	-76.78
21683.94	-112.46	-104.25	-74.59	-62.68	-76.66
21694.70	-112.43	-104.26	-74.28	-62.43	-76.49
21705.47	-112.44	-104.19	-74.09	-62.36	-76.59
21716.24	-112.46	-104.53	-74.26	-62.51	-76.74
21727.00	-112.68	-104.43	-74.63	-62.17	-76.72
21737.77	-112.37	-104.41	-74.59	-62.19	-76.55
21748.54	-112.64	-104.64	-74.59	-62.44	-76.66
21759.30	-112.74	-104.48	-74.43	-62.54	-76.50
21770.07	-112.36	-104.40	-74.67	-62.44	-76.32
21780.83	-112.34	-104.42	-74.70	-62.59	-76.64
21791.60	-112.76	-104.38	-74.58	-62.36	-76.71
21802.37	-112.97	-104.41	-74.31	-62.48	-76.48
21813.13	-112.47	-104.56	-74.52	-62.35	-76.45
21823.90	-112.44	-104.53	-74.96	-62.52	-76.65
21834.67	-112.66	-104.54	-74.61	-62.59	-76.69
21845.43	-112.73	-104.64	-74.57	-62.30	-76.60
21856.20	-112.63	-104.55	-74.60	-62.42	-76.52
21866.97	-112.98	-104.41	-74.52	-62.42	-76.35
21877.73	-112.81	-104.22	-74.58	-62.47	-76.39
21888.50	-112.74	-104.04	-74.55	-62.37	-76.31
21899.27	-112.95	-104.16	-74.49	-62.39	-76.42
21910.03	-112.68	-104.11	-74.55	-62.58	-76.57
21920.80	-112.62	-104.03	-74.48	-62.59	-76.41
21931.57	-112.42	-104.32	-74.28	-62.58	-76.40
21942.33	-112.47	-104.13	-74.44	-62.46	-76.40
21953.10	-112.42	-104.43	-74.39	-62.51	-76.35
21963.87	-112.38	-104.80	-74.65	-62.93	-76.58
21974.63	-112.68	-104.57	-74.63	-63.04	-76.49
21985.40	-112.89	-104.54	-74.55	-62.61	-76.51
21996.17	-112.66	-104.10	-74.60	-62.44	-76.71
22006.93	-112.67	-104.11	-74.49	-62.46	-76.69
22017.70	-112.69	-104.55	-74.36	-62.65	-76.54
22028.47	-112.72	-104.35	-74.87	-62.73	-76.20
22039.23	-112.67	-104.33	-74.77	-62.81	-76.45
22050.00	nan	nan	nan	nan	nan
