Frequency (Hz)	Level (dB)
23.437500	-49.537937
46.875000	-54.615231
70.312500	-40.932713
93.750000	-35.134655
117.187500	-32.639790
140.625000	-31.803255
164.062500	-33.064800
187.500000	-40.145103
210.937500	-38.255074
234.375000	-38.727970
257.812500	-35.537403
281.250000	-29.907404
304.687500	-31.016357
328.125000	-31.102451
351.562500	-31.996878
375.000000	-33.920620
398.437500	-36.387829
421.875000	-34.893154
445.312500	-33.702045
468.750000	-35.572147
492.187500	-35.113125
515.625000	-33.605186
539.062500	-32.248169
562.500000	-31.493635
585.937500	-32.231003
609.375000	-35.019005
632.812500	-39.962742
656.250000	-35.271523
679.687500	-36.732185
703.125000	-39.959728
726.562500	-38.353935
750.000000	-37.322998
773.437500	-39.663574
796.875000	-40.831226
820.312500	-40.849815
843.750000	-37.216656
867.187500	-33.746426
890.625000	-30.863794
914.062500	-33.363701
937.500000	-32.292343
960.937500	-35.447769
984.375000	-37.947109
1007.812500	-39.598541
1031.250000	-40.798302
1054.687500	-38.201302
1078.125000	-39.001839
1101.562500	-37.544827
1125.000000	-36.954365
1148.437500	-39.622116
1171.875000	-36.365067
1195.312500	-36.339424
1218.750000	-42.466480
1242.187500	-45.056721
1265.625000	-45.938797
1289.062500	-47.489544
1312.500000	-40.707912
1335.937500	-38.753849
1359.375000	-44.024391
1382.812500	-45.252602
1406.250000	-41.484074
1429.687500	-42.161423
1453.125000	-43.149063
1476.562500	-41.000931
1500.000000	-38.820518
1523.437500	-40.413219
1546.875000	-43.336727
1570.312500	-41.619686
1593.750000	-41.061512
1617.187500	-42.579430
1640.625000	-43.105247
1664.062500	-42.078808
1687.500000	-40.959278
1710.937500	-42.376141
1734.375000	-44.150684
1757.812500	-39.984715
1781.250000	-39.558022
1804.687500	-44.339252
1828.125000	-46.713268
1851.562500	-46.662502
1875.000000	-43.633434
1898.437500	-43.734558
1921.875000	-44.868412
1945.312500	-40.722008
1968.750000	-38.121872
1992.187500	-38.981377
2015.625000	-41.453617
2039.062500	-43.544411
2062.500000	-42.273041
2085.937500	-41.350388
2109.375000	-40.892139
2132.812500	-41.963760
2156.250000	-44.607918
2179.687500	-46.082714
2203.125000	-41.687546
2226.562500	-37.635384
2250.000000	-36.796886
2273.437500	-38.869850
2296.875000	-42.659531
2320.312500	-39.802250
2343.750000	-37.310326
2367.187500	-39.000404
2390.625000	-39.880627
2414.062500	-39.031292
2437.500000	-42.348843
2460.937500	-45.571632
2484.375000	-45.743324
2507.812500	-46.610588
2531.250000	-49.566345
2554.687500	-52.364948
2578.125000	-53.881432
2601.562500	-49.909595
2625.000000	-45.022770
2648.437500	-42.250004
2671.875000	-41.258778
2695.312500	-42.490509
2718.750000	-43.420860
2742.187500	-42.529312
2765.625000	-42.966793
2789.062500	-42.567570
2812.500000	-41.354115
2835.937500	-41.796593
2859.375000	-42.871067
2882.812500	-43.725544
2906.250000	-44.334431
2929.687500	-43.602753
2953.125000	-40.186153
2976.562500	-38.871105
3000.000000	-39.183872
3023.437500	-41.209503
3046.875000	-45.979576
3070.312500	-50.277149
3093.750000	-47.312286
3117.187500	-44.983356
3140.625000	-46.916553
3164.062500	-47.897713
3187.500000	-49.505226
3210.937500	-51.181442
3234.375000	-50.872761
3257.812500	-49.333992
3281.250000	-49.410564
3304.687500	-47.586491
3328.125000	-41.818562
3351.562500	-39.873272
3375.000000	-40.895229
3398.437500	-44.330875
3421.875000	-46.725323
3445.312500	-48.407158
3468.750000	-46.443737
3492.187500	-45.359447
3515.625000	-44.064018
3539.062500	-43.322937
3562.500000	-44.082760
3585.937500	-45.060608
3609.375000	-46.572807
3632.812500	-48.943501
3656.250000	-51.121296
3679.687500	-50.750317
3703.125000	-49.814388
3726.562500	-49.954605
3750.000000	-49.953117
3773.437500	-50.040791
3796.875000	-51.561687
3820.312500	-53.792274
3843.750000	-54.255089
3867.187500	-53.207367
3890.625000	-52.977463
3914.062500	-50.640961
3937.500000	-47.963776
3960.937500	-46.910091
3984.375000	-45.895760
4007.812500	-44.499065
4031.250000	-46.197464
4054.687500	-48.397579
4078.125000	-52.877430
4101.562500	-54.824303
4125.000000	-55.271622
4148.437500	-54.893021
4171.875000	-53.353855
4195.312500	-52.079403
4218.750000	-50.626293
4242.187500	-50.336082
4265.625000	-51.056847
4289.062500	-52.174629
4312.500000	-53.594364
4335.937500	-54.472309
4359.375000	-54.616886
4382.812500	-54.482510
4406.250000	-53.269985
4429.687500	-51.251205
4453.125000	-49.461399
4476.562500	-50.078812
4500.000000	-52.205082
4523.437500	-54.603500
4546.875000	-56.752384
4570.312500	-58.554203
4593.750000	-59.631443
4617.187500	-56.797577
4640.625000	-53.513126
4664.062500	-51.536518
4687.500000	-50.485283
4710.937500	-50.279358
4734.375000	-49.033501
4757.812500	-50.969112
4781.250000	-52.873875
4804.687500	-52.565975
4828.125000	-52.960335
4851.562500	-55.411942
4875.000000	-57.892063
4898.437500	-57.874115
4921.875000	-54.685951
4945.312500	-51.455803
4968.750000	-51.925911
4992.187500	-53.190186
5015.625000	-53.603718
5039.062500	-55.042679
5062.500000	-56.470482
5085.937500	-57.894966
5109.375000	-59.179276
5132.812500	-59.263355
5156.250000	-58.829800
5179.687500	-58.416111
5203.125000	-57.647434
5226.562500	-53.456520
5250.000000	-51.547840
5273.437500	-51.707962
5296.875000	-51.030945
5320.312500	-51.447479
5343.750000	-51.420990
5367.187500	-53.621365
5390.625000	-56.563389
5414.062500	-57.756313
5437.500000	-57.696095
5460.937500	-57.383030
5484.375000	-57.320194
5507.812500	-55.844578
5531.250000	-55.558723
5554.687500	-56.305702
5578.125000	-55.077538
5601.562500	-55.182838
5625.000000	-56.681213
5648.437500	-56.020969
5671.875000	-57.226681
5695.312500	-58.797318
5718.750000	-57.804821
5742.187500	-57.110645
5765.625000	-56.720791
5789.062500	-56.489414
5812.500000	-58.200222
5835.937500	-59.465607
5859.375000	-59.372650
5882.812500	-58.242237
5906.250000	-56.165363
5929.687500	-54.939350
5953.125000	-55.939129
5976.562500	-56.252800
6000.000000	-55.168026
6023.437500	-54.995445
6046.875000	-56.455303
6070.312500	-58.329624
6093.750000	-59.669292
6117.187500	-61.757587
6140.625000	-63.119286
6164.062500	-63.111462
6187.500000	-62.290295
6210.937500	-59.982597
6234.375000	-58.476574
6257.812500	-59.148449
6281.250000	-59.967556
6304.687500	-60.622433
6328.125000	-61.553970
6351.562500	-59.956329
6375.000000	-59.550728
6398.437500	-60.127449
6421.875000	-60.898308
6445.312500	-60.262039
6468.750000	-60.337776
6492.187500	-60.992233
6515.625000	-59.271214
6539.062500	-59.215164
6562.500000	-60.989864
6585.937500	-61.491783
6609.375000	-60.605236
6632.812500	-59.675606
6656.250000	-57.962147
6679.687500	-57.308167
6703.125000	-58.856243
6726.562500	-60.709160
6750.000000	-61.539173
6773.437500	-62.682713
6796.875000	-63.732059
6820.312500	-64.354179
6843.750000	-65.127640
6867.187500	-66.039513
6890.625000	-66.211441
6914.062500	-65.765564
6937.500000	-65.342651
6960.937500	-64.815895
6984.375000	-64.205589
7007.812500	-63.917664
7031.250000	-63.392914
7054.687500	-62.368965
7078.125000	-62.369759
7101.562500	-61.956402
7125.000000	-61.261562
7148.437500	-61.398735
7171.875000	-62.498314
7195.312500	-63.061470
7218.750000	-63.533852
7242.187500	-63.920837
7265.625000	-64.130432
7289.062500	-64.350235
7312.500000	-64.945366
7335.937500	-64.291283
7359.375000	-63.810703
7382.812500	-64.817574
7406.250000	-65.473755
7429.687500	-65.690437
7453.125000	-65.952187
7476.562500	-65.453789
7500.000000	-65.476288
7523.437500	-66.218338
7546.875000	-66.071312
7570.312500	-66.117180
7593.750000	-66.878815
7617.187500	-67.964111
7640.625000	-68.361061
7664.062500	-67.450485
7687.500000	-66.170731
7710.937500	-66.419952
7734.375000	-67.011040
7757.812500	-66.463539
7781.250000	-66.093384
7804.687500	-65.035645
7828.125000	-63.708145
7851.562500	-62.662975
7875.000000	-61.707512
7898.437500	-62.864277
7921.875000	-63.810093
7945.312500	-63.341129
7968.750000	-64.591423
7992.187500	-63.885735
8015.625000	-64.021538
8039.062500	-64.198158
8062.500000	-65.035088
8085.937500	-64.498436
8109.375000	-65.648918
8132.812500	-65.502678
8156.250000	-62.682369
8179.687500	-61.441486
8203.125000	-62.668510
8226.562500	-63.864494
8250.000000	-64.544144
8273.437500	-64.532814
8296.875000	-65.087311
8320.312500	-65.570343
8343.750000	-65.935173
8367.187500	-66.061806
8390.625000	-65.098289
8414.062500	-64.775589
8437.500000	-64.376175
8460.937500	-64.812668
8484.375000	-66.042473
8507.812500	-67.028519
8531.250000	-68.027306
8554.687500	-68.777451
8578.125000	-69.442711
8601.562500	-69.792137
8625.000000	-70.165085
8648.437500	-69.886780
8671.875000	-67.390411
8695.312500	-65.566910
8718.750000	-66.993683
8742.187500	-70.216286
8765.625000	-70.220253
8789.062500	-69.856522
8812.500000	-69.631813
8835.937500	-69.882439
8859.375000	-69.736435
8882.812500	-67.821220
8906.250000	-66.894638
8929.687500	-66.783554
8953.125000	-66.554695
8976.562500	-66.621490
9000.000000	-67.620346
9023.437500	-68.482269
9046.875000	-68.623070
9070.312500	-68.885460
9093.750000	-69.555893
9117.187500	-69.765945
9140.625000	-70.130653
9164.062500	-70.497116
9187.500000	-70.899216
9210.937500	-70.411797
9234.375000	-70.570709
9257.812500	-70.282600
9281.250000	-69.496101
9304.687500	-68.637253
9328.125000	-67.925919
9351.562500	-67.698479
9375.000000	-68.750130
9398.437500	-69.502174
9421.875000	-69.127182
9445.312500	-68.462952
9468.750000	-68.284462
9492.187500	-68.883949
9515.625000	-68.769676
9539.062500	-68.988953
9562.500000	-69.386154
9585.937500	-68.707291
9609.375000	-67.593948
9632.812500	-67.900314
9656.250000	-68.517410
9679.687500	-70.053146
9703.125000	-71.007919
9726.562500	-70.332672
9750.000000	-69.871613
9773.437500	-69.101349
9796.875000	-68.372993
9820.312500	-68.543228
9843.750000	-69.318779
9867.187500	-69.830589
9890.625000	-70.385963
9914.062500	-70.252502
9937.500000	-69.799171
9960.937500	-70.298996
9984.375000	-70.088074
10007.812500	-69.203804
10031.250000	-68.972321
10054.687500	-69.079346
10078.125000	-69.467941
10101.562500	-69.368431
10125.000000	-70.009544
10148.437500	-71.085213
10171.875000	-71.676483
10195.312500	-71.768257
10218.750000	-71.833107
10242.187500	-72.070618
10265.625000	-71.752510
10289.062500	-71.907318
10312.500000	-73.190681
10335.937500	-73.616531
10359.375000	-72.834633
10382.812500	-71.917702
10406.250000	-71.274826
10429.687500	-70.869484
10453.125000	-70.839897
10476.562500	-70.428963
10500.000000	-70.750252
10523.437500	-70.436089
10546.875000	-70.184456
10570.312500	-69.845139
10593.750000	-69.293190
10617.187500	-69.272644
10640.625000	-69.862686
10664.062500	-69.509804
10687.500000	-69.354843
10710.937500	-68.976067
10734.375000	-69.259064
10757.812500	-70.584335
10781.250000	-71.270149
10804.687500	-72.465820
10828.125000	-73.278923
10851.562500	-73.147423
10875.000000	-72.858971
10898.437500	-73.070618
10921.875000	-73.183128
10945.312500	-72.886856
10968.750000	-73.360649
10992.187500	-73.396416
11015.625000	-73.741173
11039.062500	-72.955505
11062.500000	-73.768303
11085.937500	-74.437454
11109.375000	-74.021416
11132.812500	-73.464706
11156.250000	-73.335022
11179.687500	-73.312531
11203.125000	-73.458214
11226.562500	-72.809418
11250.000000	-72.345978
11273.437500	-72.492615
11296.875000	-72.754066
11320.312500	-72.964989
11343.750000	-73.663719
11367.187500	-74.316399
11390.625000	-74.231766
11414.062500	-74.505707
11437.500000	-74.477875
11460.937500	-74.324036
11484.375000	-74.456444
11507.812500	-74.386208
11531.250000	-74.233147
11554.687500	-73.741425
11578.125000	-73.738815
11601.562500	-73.905914
11625.000000	-73.017662
11648.437500	-72.877899
11671.875000	-72.543243
11695.312500	-72.421272
11718.750000	-72.889839
11742.187500	-72.587280
11765.625000	-72.440247
11789.062500	-71.920540
11812.500000	-71.231995
11835.937500	-70.764809
11859.375000	-70.850212
11882.812500	-71.516129
11906.250000	-71.870087
11929.687500	-71.851105
11953.125000	-71.972191
11976.562500	-71.746819
12000.000000	-71.961273
12023.437500	-72.202393
12046.875000	-72.710663
12070.312500	-73.084953
12093.750000	-73.641846
12117.187500	-74.279770
12140.625000	-74.072083
12164.062500	-73.960464
12187.500000	-74.058014
12210.937500	-74.604012
12234.375000	-74.892815
12257.812500	-75.170448
12281.250000	-75.046669
12304.687500	-74.940033
12328.125000	-74.759239
12351.562500	-72.866417
12375.000000	-72.531311
12398.437500	-73.727867
12421.875000	-74.126328
12445.312500	-73.761093
12468.750000	-73.383980
12492.187500	-73.451065
12515.625000	-73.552269
12539.062500	-74.128670
12562.500000	-74.439705
12585.937500	-74.573494
12609.375000	-74.410194
12632.812500	-74.285873
12656.250000	-74.018967
12679.687500	-73.911720
12703.125000	-74.008026
12726.562500	-74.130356
12750.000000	-74.220680
12773.437500	-73.865524
12796.875000	-73.095650
12820.312500	-72.754250
12843.750000	-73.231308
12867.187500	-74.180519
12890.625000	-74.306763
12914.062500	-74.161163
12937.500000	-74.368530
12960.937500	-73.877518
12984.375000	-73.301605
13007.812500	-73.744202
13031.250000	-73.632446
13054.687500	-72.567200
13078.125000	-71.956810
13101.562500	-71.715446
13125.000000	-71.746712
13148.437500	-72.585075
13171.875000	-71.846161
13195.312500	-70.911636
13218.750000	-71.031013
13242.187500	-70.933258
13265.625000	-70.505997
13289.062500	-70.752396
13312.500000	-70.328506
13335.937500	-69.598465
13359.375000	-70.125053
13382.812500	-69.557259
13406.250000	-69.841904
13429.687500	-70.801865
13453.125000	-72.188858
13476.562500	-72.528717
13500.000000	-72.938408
13523.437500	-73.491631
13546.875000	-74.269623
13570.312500	-74.474808
13593.750000	-74.746758
13617.187500	-75.239227
13640.625000	-75.369888
13664.062500	-75.671669
13687.500000	-75.894753
13710.937500	-76.490257
13734.375000	-77.553970
13757.812500	-77.651505
13781.250000	-77.409264
13804.687500	-77.627510
13828.125000	-77.223991
13851.562500	-77.451134
13875.000000	-76.584999
13898.437500	-76.155518
13921.875000	-77.231293
13945.312500	-77.714905
13968.750000	-77.265800
13992.187500	-76.280220
14015.625000	-76.006729
14039.062500	-76.153793
14062.500000	-76.014153
14085.937500	-75.572433
14109.375000	-74.171776
14132.812500	-73.582146
14156.250000	-74.158302
14179.687500	-74.798271
14203.125000	-74.604454
14226.562500	-74.800301
14250.000000	-74.900391
14273.437500	-73.954155
14296.875000	-73.626556
14320.312500	-73.849281
14343.750000	-74.620216
14367.187500	-75.168938
14390.625000	-75.611771
14414.062500	-75.385155
14437.500000	-75.053795
14460.937500	-76.114433
14484.375000	-77.152435
14507.812500	-77.456093
14531.250000	-77.489304
14554.687500	-77.614960
14578.125000	-78.191750
14601.562500	-78.032852
14625.000000	-78.052193
14648.437500	-78.493706
14671.875000	-77.789612
14695.312500	-74.224930
14718.750000	-70.910683
14742.187500	-74.017754
14765.625000	-77.639809
14789.062500	-77.287720
14812.500000	-77.066948
14835.937500	-76.340919
14859.375000	-76.665504
14882.812500	-77.181313
14906.250000	-77.467529
14929.687500	-77.895370
14953.125000	-78.183678
14976.562500	-78.267799
15000.000000	-78.005035
15023.437500	-78.052620
15046.875000	-78.352814
15070.312500	-77.749397
15093.750000	-77.447769
15117.187500	-77.512642
15140.625000	-77.368736
15164.062500	-77.278061
15187.500000	-77.149498
15210.937500	-77.526352
15234.375000	-78.021538
15257.812500	-77.820274
15281.250000	-77.814842
15304.687500	-77.993584
15328.125000	-77.806984
15351.562500	-77.627625
15375.000000	-77.485916
15398.437500	-76.668510
15421.875000	-76.544266
15445.312500	-76.930870
15468.750000	-76.604225
15492.187500	-76.301041
15515.625000	-75.674652
15539.062500	-75.745033
15562.500000	-76.760147
15585.937500	-76.256317
15609.375000	-75.107475
15632.812500	-74.203217
15656.250000	-73.019440
15679.687500	-74.083107
15703.125000	-75.857307
15726.562500	-76.660011
15750.000000	-76.271088
15773.437500	-75.832352
15796.875000	-75.896988
15820.312500	-76.679611
15843.750000	-77.317223
15867.187500	-76.900589
15890.625000	-76.462555
15914.062500	-77.035355
15937.500000	-77.515396
15960.937500	-77.090889
15984.375000	-77.050797
16007.812500	-77.155266
16031.250000	-76.554024
16054.687500	-76.506744
16078.125000	-77.343918
16101.562500	-78.667923
16125.000000	-78.836929
16148.437500	-79.152824
16171.875000	-79.404961
16195.312500	-79.575180
16218.750000	-79.661728
16242.187500	-79.686676
16265.625000	-79.332314
16289.062500	-77.465515
16312.500000	-74.704926
16335.937500	-74.242783
16359.375000	-76.624893
16382.812500	-77.364548
16406.250000	-78.088486
16429.687500	-78.432343
16453.125000	-78.508598
16476.562500	-78.605446
16500.000000	-78.399574
16523.437500	-77.988525
16546.875000	-76.348221
16570.312500	-74.285660
16593.750000	-75.240051
16617.187500	-77.144363
16640.625000	-77.968567
16664.062500	-78.253448
16687.500000	-77.258003
16710.937500	-77.422523
16734.375000	-78.033592
16757.812500	-78.144981
16781.250000	-77.770462
16804.687500	-77.379974
16828.125000	-77.163460
16851.562500	-76.561714
16875.000000	-76.503426
16898.437500	-76.405266
16921.875000	-76.638168
16945.312500	-77.334404
16968.750000	-77.808487
16992.187500	-77.740494
17015.625000	-77.843002
17039.062500	-78.584694
17062.500000	-79.071899
17085.937500	-79.200829
17109.375000	-79.909134
17132.812500	-80.863525
17156.250000	-80.930824
17179.687500	-80.409225
17203.125000	-79.833473
17226.562500	-80.243301
17250.000000	-81.095619
17273.437500	-81.403343
17296.875000	-80.927361
17320.312500	-80.117760
17343.750000	-79.317505
17367.187500	-78.343811
17390.625000	-75.953468
17414.062500	-75.220856
17437.500000	-77.885696
17460.937500	-79.408752
17484.375000	-78.807877
17507.812500	-78.340919
17531.250000	-78.625412
17554.687500	-79.940750
17578.125000	-80.091728
17601.562500	-79.106407
17625.000000	-78.736816
17648.437500	-78.488678
17671.875000	-78.747101
17695.312500	-78.961540
17718.750000	-77.966507
17742.187500	-77.006241
17765.625000	-76.947449
17789.062500	-76.428146
17812.500000	-76.423492
17835.937500	-76.657074
17859.375000	-75.631264
17882.812500	-74.840103
17906.250000	-74.373093
17929.687500	-74.807281
17953.125000	-75.184402
17976.562500	-74.577759
18000.000000	-74.032257
18023.437500	-74.883423
18046.875000	-75.099663
18070.312500	-74.903343
18093.750000	-75.949516
18117.187500	-77.213776
18140.625000	-77.258087
18164.062500	-77.150963
18187.500000	-77.994263
18210.937500	-79.089088
18234.375000	-79.949196
18257.812500	-79.578964
18281.250000	-78.276276
18304.687500	-78.386841
18328.125000	-79.509857
18351.562500	-80.155365
18375.000000	-80.411346
18398.437500	-80.162178
18421.875000	-79.229889
18445.312500	-79.125710
18468.750000	-80.071899
18492.187500	-80.444054
18515.625000	-80.414948
18539.062500	-79.567406
18562.500000	-78.426643
18585.937500	-78.102852
18609.375000	-78.277931
18632.812500	-77.488403
18656.250000	-76.511215
18679.687500	-76.787033
18703.125000	-77.745697
18726.562500	-78.121841
18750.000000	-77.921715
18773.437500	-78.359818
18796.875000	-77.987633
18820.312500	-78.117332
18843.750000	-78.313072
18867.187500	-78.328133
18890.625000	-79.040649
18914.062500	-79.256767
18937.500000	-79.317574
18960.937500	-80.054947
18984.375000	-80.137421
19007.812500	-80.145142
19031.250000	-79.705475
19054.687500	-78.860748
19078.125000	-78.086121
19101.562500	-77.902214
19125.000000	-78.230423
19148.437500	-79.077408
19171.875000	-79.619484
19195.312500	-80.704277
19218.750000	-80.616837
19242.187500	-80.839287
19265.625000	-81.345482
19289.062500	-80.793671
19312.500000	-79.147789
19335.937500	-78.023170
19359.375000	-79.628014
19382.812500	-81.779770
19406.250000	-81.434113
19429.687500	-81.498444
19453.125000	-82.764465
19476.562500	-83.108406
19500.000000	-82.896088
19523.437500	-82.657120
19546.875000	-82.450096
19570.312500	-81.614098
19593.750000	-81.246880
19617.187500	-81.719872
19640.625000	-82.182083
19664.062500	-82.686569
19687.500000	-83.237640
19710.937500	-83.304832
19734.375000	-83.129333
19757.812500	-83.249321
19781.250000	-83.370644
19804.687500	-83.746117
19828.125000	-83.747406
19851.562500	-83.487785
19875.000000	-83.424858
19898.437500	-83.568069
19921.875000	-83.664742
19945.312500	-83.935158
19968.750000	-83.482895
19992.187500	-83.462921
20015.625000	-83.407181
20039.062500	-83.263580
20062.500000	-82.903473
20085.937500	-82.154076
20109.375000	-82.142593
20132.812500	-82.877411
20156.250000	-82.932945
20179.687500	-82.466103
20203.125000	-82.350548
20226.562500	-81.896973
20250.000000	-81.749420
20273.437500	-82.202705
20296.875000	-82.426949
20320.312500	-82.593048
20343.750000	-83.006935
20367.187500	-83.264099
20390.625000	-83.468063
20414.062500	-83.380150
20437.500000	-83.392120
20460.937500	-83.522461
20484.375000	-84.033272
20507.812500	-84.441261
20531.250000	-84.439537
20554.687500	-84.126007
20578.125000	-84.119339
20601.562500	-84.251511
20625.000000	-84.674690
20648.437500	-85.064438
20671.875000	-84.613922
20695.312500	-84.034157
20718.750000	-84.095459
20742.187500	-84.427856
20765.625000	-84.046684
20789.062500	-84.416336
20812.500000	-84.228355
20835.937500	-84.104774
20859.375000	-84.470123
20882.812500	-84.576981
20906.250000	-84.242813
20929.687500	-84.642265
20953.125000	-84.539871
20976.562500	-85.159172
21000.000000	-85.406296
21023.437500	-85.411476
21046.875000	-85.368362
21070.312500	-85.176849
21093.750000	-85.303764
21117.187500	-85.518776
21140.625000	-85.210510
21164.062500	-84.774605
21187.500000	-84.684074
21210.937500	-84.384453
21234.375000	-84.410011
21257.812500	-84.881546
21281.250000	-84.459595
21304.687500	-84.256645
21328.125000	-84.615135
21351.562500	-84.244698
21375.000000	-84.511528
21398.437500	-85.022400
21421.875000	-85.467812
21445.312500	-85.185944
21468.750000	-85.319107
21492.187500	-85.927750
21515.625000	-85.572159
21539.062500	-85.452049
21562.500000	-85.915871
21585.937500	-85.864532
21609.375000	-86.063087
21632.812500	-86.400352
21656.250000	-85.911385
21679.687500	-85.490898
21703.125000	-85.116226
21726.562500	-84.817833
21750.000000	-84.492317
21773.437500	-84.679184
21796.875000	-85.394638
21820.312500	-86.285095
21843.750000	-87.126266
21867.187500	-87.260422
21890.625000	-87.154877
21914.062500	-87.458260
21937.500000	-87.224083
21960.937500	-86.550720
21984.375000	-86.539688
22007.812500	-86.685776
22031.250000	-85.967979
22054.687500	-85.787003
22078.125000	-85.220772
22101.562500	-85.496849
22125.000000	-86.330582
22148.437500	-86.088921
22171.875000	-86.247719
22195.312500	-86.719933
22218.750000	-86.624886
22242.187500	-85.767944
22265.625000	-85.644371
22289.062500	-86.240013
22312.500000	-86.965744
22335.937500	-87.832901
22359.375000	-88.203018
22382.812500	-87.956963
22406.250000	-87.939949
22429.687500	-87.859787
22453.125000	-87.691139
22476.562500	-87.668953
22500.000000	-87.550179
22523.437500	-88.165855
22546.875000	-88.044006
22570.312500	-88.145317
22593.750000	-88.445236
22617.187500	-87.845566
22640.625000	-87.500130
22664.062500	-87.326019
22687.500000	-87.552574
22710.937500	-87.798096
22734.375000	-87.816467
22757.812500	-88.096748
22781.250000	-88.201172
22804.687500	-88.127083
22828.125000	-88.289192
22851.562500	-88.587830
22875.000000	-88.854546
22898.437500	-88.836174
22921.875000	-89.155685
22945.312500	-89.184799
22968.750000	-89.076263
22992.187500	-89.320724
23015.625000	-89.715897
23039.062500	-89.811287
23062.500000	-89.762047
23085.937500	-89.909142
23109.375000	-89.790527
23132.812500	-89.610062
23156.250000	-89.800674
23179.687500	-90.264519
23203.125000	-89.990463
23226.562500	-90.198463
23250.000000	-90.486633
23273.437500	-90.398773
23296.875000	-89.829773
23320.312500	-89.759636
23343.750000	-90.130035
23367.187500	-90.177956
23390.625000	-90.224663
23414.062500	-90.668167
23437.500000	-90.682724
23460.937500	-90.934830
23484.375000	-91.122032
23507.812500	-90.726746
23531.250000	-89.947548
23554.687500	-89.916603
23578.125000	-89.947388
23601.562500	-89.994011
23625.000000	-90.044945
23648.437500	-89.753136
23671.875000	-89.116173
23695.312500	-89.699211
23718.750000	-90.797371
23742.187500	-90.868614
23765.625000	-90.557861
23789.062500	-90.463913
23812.500000	-90.286079
23835.937500	-89.828697
23859.375000	-89.510674
23882.812500	-89.470703
23906.250000	-90.223297
23929.687500	-90.507233
23953.125000	-90.537292
23976.562500	-90.582840
24000.000000	-90.400620
24023.437500	-90.592194
24046.875000	-90.716476
24070.312500	-90.548737
24093.750000	-90.749878
24117.187500	-91.274170
24140.625000	-91.920113
24164.062500	-91.744011
24187.500000	-91.753136
24210.937500	-92.197365
24234.375000	-92.383141
24257.812500	-92.409309
24281.250000	-92.484001
24304.687500	-92.176140
24328.125000	-92.019676
24351.562500	-91.895081
24375.000000	-92.400032
24398.437500	-92.359673
24421.875000	-92.222603
24445.312500	-92.294556
24468.750000	-92.636604
24492.187500	-92.692337
24515.625000	-92.867302
24539.062500	-92.472359
24562.500000	-92.733757
24585.937500	-92.824020
24609.375000	-92.915108
24632.812500	-92.403000
24656.250000	-92.166115
24679.687500	-92.573769
24703.125000	-92.466835
24726.562500	-92.016525
24750.000000	-92.484528
24773.437500	-92.844200
24796.875000	-92.880753
24820.312500	-92.984726
24843.750000	-92.868523
24867.187500	-92.699287
24890.625000	-93.033920
24914.062500	-93.002510
24937.500000	-93.126801
24960.937500	-93.280426
24984.375000	-93.260139
25007.812500	-93.117332
25031.250000	-92.923492
25054.687500	-92.786736
25078.125000	-93.316383
25101.562500	-93.310799
25125.000000	-93.562416
25148.437500	-93.647415
25171.875000	-93.628708
25195.312500	-93.321289
25218.750000	-93.447998
25242.187500	-93.459480
25265.625000	-93.531242
25289.062500	-93.630257
25312.500000	-93.677956
25335.937500	-94.170761
25359.375000	-94.366402
25382.812500	-94.308235
25406.250000	-94.485710
25429.687500	-94.562874
25453.125000	-94.365677
25476.562500	-94.483719
25500.000000	-94.569550
25523.437500	-94.714813
25546.875000	-94.537506
25570.312500	-94.607178
25593.750000	-95.211395
25617.187500	-95.168915
25640.625000	-95.236618
25664.062500	-95.240921
25687.500000	-95.096184
25710.937500	-94.996643
25734.375000	-95.383476
25757.812500	-95.014824
25781.250000	-94.477043
25804.687500	-94.779732
25828.125000	-95.316277
25851.562500	-95.285446
25875.000000	-95.161293
25898.437500	-95.064957
25921.875000	-94.771202
25945.312500	-94.666664
25968.750000	-94.629082
25992.187500	-94.443748
26015.625000	-94.431053
26039.062500	-94.066147
26062.500000	-93.755302
26085.937500	-94.562576
26109.375000	-95.217827
26132.812500	-94.963264
26156.250000	-94.661095
26179.687500	-94.542168
26203.125000	-94.604530
26226.562500	-94.694443
26250.000000	-94.684891
26273.437500	-94.273903
26296.875000	-94.316025
26320.312500	-94.549278
26343.750000	-94.628319
26367.187500	-94.328110
26390.625000	-93.981979
26414.062500	-94.607590
26437.500000	-94.723618
26460.937500	-94.233490
26484.375000	-94.264709
26507.812500	-94.122719
26531.250000	-93.970764
26554.687500	-94.324028
26578.125000	-94.402016
26601.562500	-94.372795
26625.000000	-94.527336
26648.437500	-94.536003
26671.875000	-94.644745
26695.312500	-94.397713
26718.750000	-94.443558
26742.187500	-95.056892
26765.625000	-95.029358
26789.062500	-94.044174
26812.500000	-93.881462
26835.937500	-94.459557
26859.375000	-94.737686
26882.812500	-94.861771
26906.250000	-95.219757
26929.687500	-95.450684
26953.125000	-95.403526
26976.562500	-95.222321
27000.000000	-95.266411
27023.437500	-95.633789
27046.875000	-95.687424
27070.312500	-95.479095
27093.750000	-95.316978
27117.187500	-95.551010
27140.625000	-95.849426
27164.062500	-95.604370
27187.500000	-95.880722
27210.937500	-96.169647
27234.375000	-96.050636
27257.812500	-96.156021
27281.250000	-96.315628
27304.687500	-96.215294
27328.125000	-96.012665
27351.562500	-96.210152
27375.000000	-96.403816
27398.437500	-96.263054
27421.875000	-96.054192
27445.312500	-96.243965
27468.750000	-95.929817
27492.187500	-96.017036
27515.625000	-96.106483
27539.062500	-96.181496
27562.500000	-95.758186
27585.937500	-95.337715
27609.375000	-95.385544
27632.812500	-95.658646
27656.250000	-95.737419
27679.687500	-95.754959
27703.125000	-95.856133
27726.562500	-95.614502
27750.000000	-95.855316
27773.437500	-95.808281
27796.875000	-95.665695
27820.312500	-95.701775
27843.750000	-95.500130
27867.187500	-95.987038
27890.625000	-96.392197
27914.062500	-96.080162
27937.500000	-96.046104
27960.937500	-96.133484
27984.375000	-95.756683
28007.812500	-95.819565
28031.250000	-96.201828
28054.687500	-96.051720
28078.125000	-96.015190
28101.562500	-96.361626
28125.000000	-96.390266
28148.437500	-96.596649
28171.875000	-96.741554
28195.312500	-96.814362
28218.750000	-96.635056
28242.187500	-96.397537
28265.625000	-96.342102
28289.062500	-96.658714
28312.500000	-96.691422
28335.937500	-96.755730
28359.375000	-96.279587
28382.812500	-96.250923
28406.250000	-96.461197
28429.687500	-96.397530
28453.125000	-96.545715
28476.562500	-96.817139
28500.000000	-96.778381
28523.437500	-96.794571
28546.875000	-97.101257
28570.312500	-97.061668
28593.750000	-96.746643
28617.187500	-96.870117
28640.625000	-97.264656
28664.062500	-97.362122
28687.500000	-97.367661
28710.937500	-97.143745
28734.375000	-97.002731
28757.812500	-96.630493
28781.250000	-96.075005
28804.687500	-96.240562
28828.125000	-96.430870
28851.562500	-95.800110
28875.000000	-95.829788
28898.437500	-96.135643
28921.875000	-95.949867
28945.312500	-95.975060
28968.750000	-96.271187
28992.187500	-96.521751
29015.625000	-96.771111
29039.062500	-96.771210
29062.500000	-96.780807
29085.937500	-97.142387
29109.375000	-97.269836
29132.812500	-97.287529
29156.250000	-97.188148
29179.687500	-97.096291
29203.125000	-96.618523
29226.562500	-96.298019
29250.000000	-96.762962
29273.437500	-96.954002
29296.875000	-97.163971
29320.312500	-97.108078
29343.750000	-97.077385
29367.187500	-97.154732
29390.625000	-96.880951
29414.062500	-96.679588
29437.500000	-96.663986
29460.937500	-96.866150
29484.375000	-97.008423
29507.812500	-96.721092
29531.250000	-96.642761
29554.687500	-96.174286
29578.125000	-96.068954
29601.562500	-96.389496
29625.000000	-96.394279
29648.437500	-96.542282
29671.875000	-96.375877
29695.312500	-96.347679
29718.750000	-96.268837
29742.187500	-96.559097
29765.625000	-96.506126
29789.062500	-96.323433
29812.500000	-96.549057
29835.937500	-97.227798
29859.375000	-97.133148
29882.812500	-96.802246
29906.250000	-96.902611
29929.687500	-96.669067
29953.125000	-96.393906
29976.562500	-96.496391
30000.000000	-96.271797
30023.437500	-96.584999
30046.875000	-96.662132
30070.312500	-96.599640
30093.750000	-96.951744
30117.187500	-96.821777
30140.625000	-96.556473
30164.062500	-96.534813
30187.500000	-96.349327
30210.937500	-96.289612
30234.375000	-96.299942
30257.812500	-95.622139
30281.250000	-96.018448
30304.687500	-95.995689
30328.125000	-96.167114
30351.562500	-96.347672
30375.000000	-96.227654
30398.437500	-96.694824
30421.875000	-96.780350
30445.312500	-97.024841
30468.750000	-97.282417
30492.187500	-97.260590
30515.625000	-97.191078
30539.062500	-97.048637
30562.500000	-96.956871
30585.937500	-96.758743
30609.375000	-96.517448
30632.812500	-96.031212
30656.250000	-96.122887
30679.687500	-96.605240
30703.125000	-96.787567
30726.562500	-96.921265
30750.000000	-96.974312
30773.437500	-97.053802
30796.875000	-96.938583
30820.312500	-97.154221
30843.750000	-97.401199
30867.187500	-97.629181
30890.625000	-97.491776
30914.062500	-97.515869
30937.500000	-97.659866
30960.937500	-97.560310
30984.375000	-97.789406
31007.812500	-97.729454
31031.250000	-97.953087
31054.687500	-97.775002
31078.125000	-97.598450
31101.562500	-97.717194
31125.000000	-97.671974
31148.437500	-97.696747
31171.875000	-97.681496
31195.312500	-97.573891
31218.750000	-97.620926
31242.187500	-97.271393
31265.625000	-97.291512
31289.062500	-97.590591
31312.500000	-97.759720
31335.937500	-97.580238
31359.375000	-97.561134
31382.812500	-97.627373
31406.250000	-97.402771
31429.687500	-97.482697
31453.125000	-97.741692
31476.562500	-97.797127
31500.000000	-97.600616
31523.437500	-97.650185
31546.875000	-97.607269
31570.312500	-97.793381
31593.750000	-97.948891
31617.187500	-97.892136
31640.625000	-97.724220
31664.062500	-98.062263
31687.500000	-97.996506
31710.937500	-97.504990
31734.375000	-97.176460
31757.812500	-97.027390
31781.250000	-97.493172
31804.687500	-98.053604
31828.125000	-98.398407
31851.562500	-98.272835
31875.000000	-98.547768
31898.437500	-98.842285
31921.875000	-98.710396
31945.312500	-98.143837
31968.750000	-98.330299
31992.187500	-98.662712
32015.625000	-98.374313
32039.062500	-98.055229
32062.500000	-97.970047
32085.937500	-97.570633
32109.375000	-98.089005
32132.812500	-97.642288
32156.250000	-97.879997
32179.687500	-98.285149
32203.125000	-98.397003
32226.562500	-98.472549
32250.000000	-98.243683
32273.437500	-98.265541
32296.875000	-98.386711
32320.312500	-98.293251
32343.750000	-98.254341
32367.187500	-97.875740
32390.625000	-97.745331
32414.062500	-98.151703
32437.500000	-98.389206
32460.937500	-98.635117
32484.375000	-98.570671
32507.812500	-98.503662
32531.250000	-98.087936
32554.687500	-98.149101
32578.125000	-98.459572
32601.562500	-98.127144
32625.000000	-97.799660
32648.437500	-97.799202
32671.875000	-97.653786
32695.312500	-97.653992
32718.750000	-98.058655
32742.187500	-98.450020
32765.625000	-98.078430
32789.062500	-98.202934
32812.500000	-98.346077
32835.937500	-98.393684
32859.375000	-98.351059
32882.812500	-98.332451
32906.250000	-98.380325
32929.687500	-98.389320
32953.125000	-98.157021
32976.562500	-98.276390
33000.000000	-98.648979
33023.437500	-98.609322
33046.875000	-98.258110
33070.312500	-97.820793
33093.750000	-97.961205
33117.187500	-98.433472
33140.625000	-98.519897
33164.062500	-97.898941
33187.500000	-97.776527
33210.937500	-98.042946
33234.375000	-98.178001
33257.812500	-98.202965
33281.250000	-98.277374
33304.687500	-98.561371
33328.125000	-98.065422
33351.562500	-97.880905
33375.000000	-98.294174
33398.437500	-98.239853
33421.875000	-97.569595
33445.312500	-97.422783
33468.750000	-97.833740
33492.187500	-98.103134
33515.625000	-97.855621
33539.062500	-97.362038
33562.500000	-97.655006
33585.937500	-98.088470
33609.375000	-97.948830
33632.812500	-98.334328
33656.250000	-98.353134
33679.687500	-97.851784
33703.125000	-97.885971
33726.562500	-96.678764
33750.000000	-95.544365
33773.437500	-96.618385
33796.875000	-98.227364
33820.312500	-98.989098
33843.750000	-98.633278
33867.187500	-98.352196
33890.625000	-98.465210
33914.062500	-98.507797
33937.500000	-98.283813
33960.937500	-98.186707
33984.375000	-98.051933
34007.812500	-98.185951
34031.250000	-98.388474
34054.687500	-98.701599
34078.125000	-98.578857
34101.562500	-99.065475
34125.000000	-99.109398
34148.437500	-98.603195
34171.875000	-98.172150
34195.312500	-98.401550
34218.750000	-98.886017
34242.187500	-99.511208
34265.625000	-99.911987
34289.062500	-100.033134
34312.500000	-100.148979
34335.937500	-100.328346
34359.375000	-100.013016
34382.812500	-100.152412
34406.250000	-100.306953
34429.687500	-99.867462
34453.125000	-99.678658
34476.562500	-99.771263
34500.000000	-99.525917
34523.437500	-99.341965
34546.875000	-98.809738
34570.312500	-99.192955
34593.750000	-100.061470
34617.187500	-100.512161
34640.625000	-100.862663
34664.062500	-100.745331
34687.500000	-100.717476
34710.937500	-100.673767
34734.375000	-100.528961
34757.812500	-100.543114
34781.250000	-100.598267
34804.687500	-100.915504
34828.125000	-101.390289
34851.562500	-101.578773
34875.000000	-101.838127
34898.437500	-101.662354
34921.875000	-101.512413
34945.312500	-101.456810
34968.750000	-101.818390
34992.187500	-101.736183
35015.625000	-101.661774
35039.062500	-101.614273
35062.500000	-101.462532
35085.937500	-101.375450
35109.375000	-101.746170
35132.812500	-101.954887
35156.250000	-102.011642
35179.687500	-102.050476
35203.125000	-101.818001
35226.562500	-102.187691
35250.000000	-102.371986
35273.437500	-102.672104
35296.875000	-102.935272
35320.312500	-102.996948
35343.750000	-102.982498
35367.187500	-102.786377
35390.625000	-102.692001
35414.062500	-103.023529
35437.500000	-103.086533
35460.937500	-102.888527
35484.375000	-102.897758
35507.812500	-103.172707
35531.250000	-103.243729
35554.687500	-102.428993
35578.125000	-102.057922
35601.562500	-102.682770
35625.000000	-103.201103
35648.437500	-103.400772
35671.875000	-103.495796
35695.312500	-103.628639
35718.750000	-103.180641
35742.187500	-103.354950
35765.625000	-103.861221
35789.062500	-104.170921
35812.500000	-103.785995
35835.937500	-102.914337
35859.375000	-103.024429
35882.812500	-103.762550
35906.250000	-103.611473
35929.687500	-102.578857
35953.125000	-102.677467
35976.562500	-103.319595
36000.000000	-103.229980
36023.437500	-103.619865
36046.875000	-103.852570
36070.312500	-103.570107
36093.750000	-103.610420
36117.187500	-104.055054
36140.625000	-104.443245
36164.062500	-104.918488
36187.500000	-104.934875
36210.937500	-104.543755
36234.375000	-104.330742
36257.812500	-103.973526
36281.250000	-104.114113
36304.687500	-104.906403
36328.125000	-105.056252
36351.562500	-104.805412
36375.000000	-105.029312
36398.437500	-104.666420
36421.875000	-104.355927
36445.312500	-104.539276
36468.750000	-104.836945
36492.187500	-104.970596
36515.625000	-105.194542
36539.062500	-104.826164
36562.500000	-104.101280
36585.937500	-103.934677
36609.375000	-104.402390
36632.812500	-105.185875
36656.250000	-105.594017
36679.687500	-105.818176
36703.125000	-105.601006
36726.562500	-105.683258
36750.000000	-105.816071
36773.437500	-105.992744
36796.875000	-105.927177
36820.312500	-106.017754
36843.750000	-105.726158
36867.187500	-105.580238
36890.625000	-105.723373
36914.062500	-105.849075
36937.500000	-104.697708
36960.937500	-104.780891
36984.375000	-105.445877
37007.812500	-106.086090
37031.250000	-106.454170
37054.687500	-106.205978
37078.125000	-105.737839
37101.562500	-105.723083
37125.000000	-105.878952
37148.437500	-106.205116
37171.875000	-106.003113
37195.312500	-106.115753
37218.750000	-106.555107
37242.187500	-106.740273
37265.625000	-106.903206
37289.062500	-106.961166
37312.500000	-106.815887
37335.937500	-106.752235
37359.375000	-106.764732
37382.812500	-106.817635
37406.250000	-107.171234
37429.687500	-107.536034
37453.125000	-107.283279
37476.562500	-107.207916
37500.000000	-106.921539
37523.437500	-106.863724
37546.875000	-106.759125
37570.312500	-106.798157
37593.750000	-106.825562
37617.187500	-106.737679
37640.625000	-107.122139
37664.062500	-107.525299
37687.500000	-107.541794
37710.937500	-107.588753
37734.375000	-107.429764
37757.812500	-107.402550
37781.250000	-107.214432
37804.687500	-107.214676
37828.125000	-107.232010
37851.562500	-107.373909
37875.000000	-107.334846
37898.437500	-107.545433
37921.875000	-107.645103
37945.312500	-107.712303
37968.750000	-107.567886
37992.187500	-107.328537
38015.625000	-107.352165
38039.062500	-107.379898
38062.500000	-107.436806
38085.937500	-107.469513
38109.375000	-107.386765
38132.812500	-107.812660
38156.250000	-108.005280
38179.687500	-107.994637
38203.125000	-107.888519
38226.562500	-107.510933
38250.000000	-107.261864
38273.437500	-107.518005
38296.875000	-107.822128
38320.312500	-107.552521
38343.750000	-107.331734
38367.187500	-107.782860
38390.625000	-107.744278
38414.062500	-107.915894
38437.500000	-108.105759
38460.937500	-108.050621
38484.375000	-107.883026
38507.812500	-107.709038
38531.250000	-107.786018
38554.687500	-108.013268
38578.125000	-108.339561
38601.562500	-108.115540
38625.000000	-107.985031
38648.437500	-108.042953
38671.875000	-108.193680
38695.312500	-108.078018
38718.750000	-108.173538
38742.187500	-108.069534
38765.625000	-108.034836
38789.062500	-108.100990
38812.500000	-107.997437
38835.937500	-108.187843
38859.375000	-108.154137
38882.812500	-108.118202
38906.250000	-108.225151
38929.687500	-107.928261
38953.125000	-107.921753
38976.562500	-108.161209
39000.000000	-108.045250
39023.437500	-108.116348
39046.875000	-108.275330
39070.312500	-108.430374
39093.750000	-108.279922
39117.187500	-108.007980
39140.625000	-107.960533
39164.062500	-107.904144
39187.500000	-107.797401
39210.937500	-107.882996
39234.375000	-107.754616
39257.812500	-107.875839
39281.250000	-107.831474
39304.687500	-107.857086
39328.125000	-107.343483
39351.562500	-107.444878
39375.000000	-107.989510
39398.437500	-108.538040
39421.875000	-108.593750
39445.312500	-108.000305
39468.750000	-107.512718
39492.187500	-108.034821
39515.625000	-108.232796
39539.062500	-108.238251
39562.500000	-108.173012
39585.937500	-108.068497
39609.375000	-108.747398
39632.812500	-109.049362
39656.250000	-108.874069
39679.687500	-108.702530
39703.125000	-109.034439
39726.562500	-108.833839
39750.000000	-108.642448
39773.437500	-108.846939
39796.875000	-108.680061
39820.312500	-108.813637
39843.750000	-109.173958
39867.187500	-109.298141
39890.625000	-109.164177
39914.062500	-109.119011
39937.500000	-109.074394
39960.937500	-109.268158
39984.375000	-109.181168
40007.812500	-108.899147
40031.250000	-108.952141
40054.687500	-108.840698
40078.125000	-108.952393
40101.562500	-108.897331
40125.000000	-108.745529
40148.437500	-108.624611
40171.875000	-108.403564
40195.312500	-108.414322
40218.750000	-108.336037
40242.187500	-108.396355
40265.625000	-108.713303
40289.062500	-109.071266
40312.500000	-109.643707
40335.937500	-109.609077
40359.375000	-109.377129
40382.812500	-109.171982
40406.250000	-109.295815
40429.687500	-109.033501
40453.125000	-108.974129
40476.562500	-109.040398
40500.000000	-109.006325
40523.437500	-108.829575
40546.875000	-108.950897
40570.312500	-108.789406
40593.750000	-108.631912
40617.187500	-108.979515
40640.625000	-109.169586
40664.062500	-109.094330
40687.500000	-108.991142
40710.937500	-108.987488
40734.375000	-109.216423
40757.812500	-109.250412
40781.250000	-108.846291
40804.687500	-109.034584
40828.125000	-109.120644
40851.562500	-109.149384
40875.000000	-109.100418
40898.437500	-108.865860
40921.875000	-108.677078
40945.312500	-109.173752
40968.750000	-109.662239
40992.187500	-109.349716
41015.625000	-108.991364
41039.062500	-108.752090
41062.500000	-108.699364
41085.937500	-109.168541
41109.375000	-109.430275
41132.812500	-109.585060
41156.250000	-109.694733
41179.687500	-109.767418
41203.125000	-109.573219
41226.562500	-109.537636
41250.000000	-109.821182
41273.437500	-109.816467
41296.875000	-110.024498
41320.312500	-110.648804
41343.750000	-110.483322
41367.187500	-109.716415
41390.625000	-109.094040
41414.062500	-109.119087
41437.500000	-109.198647
41460.937500	-109.503799
41484.375000	-109.935356
41507.812500	-109.957939
41531.250000	-109.545631
41554.687500	-109.575081
41578.125000	-109.726906
41601.562500	-109.997223
41625.000000	-110.239922
41648.437500	-110.519333
41671.875000	-110.741402
41695.312500	-110.212151
41718.750000	-110.218414
41742.187500	-110.266014
41765.625000	-110.709290
41789.062500	-111.398788
41812.500000	-111.340836
41835.937500	-110.906296
41859.375000	-110.670876
41882.812500	-111.179306
41906.250000	-111.297302
41929.687500	-111.414253
41953.125000	-111.199303
41976.562500	-110.683449
42000.000000	-110.625053
42023.437500	-110.840073
42046.875000	-110.386612
42070.312500	-110.299652
42093.750000	-111.197792
42117.187500	-111.322083
42140.625000	-110.805840
42164.062500	-110.696297
42187.500000	-111.323578
42210.937500	-111.424667
42234.375000	-111.406715
42257.812500	-111.395813
42281.250000	-111.188789
42304.687500	-111.531982
42328.125000	-111.175842
42351.562500	-111.532257
42375.000000	-111.943069
42398.437500	-112.064651
42421.875000	-111.764893
42445.312500	-111.833672
42468.750000	-112.328636
42492.187500	-112.309891
42515.625000	-112.210403
42539.062500	-111.993279
42562.500000	-112.156708
42585.937500	-112.248055
42609.375000	-112.358978
42632.812500	-112.300453
42656.250000	-112.558365
42679.687500	-112.674377
42703.125000	-112.620415
42726.562500	-112.657684
42750.000000	-112.244736
42773.437500	-111.733223
42796.875000	-111.139778
42820.312500	-111.662041
42843.750000	-111.784698
42867.187500	-112.038872
42890.625000	-112.158554
42914.062500	-112.372650
42937.500000	-112.223343
42960.937500	-112.711136
42984.375000	-112.757187
43007.812500	-112.556793
43031.250000	-112.594612
43054.687500	-112.565643
43078.125000	-112.741226
43101.562500	-113.010742
43125.000000	-113.008545
43148.437500	-112.867989
43171.875000	-112.401428
43195.312500	-111.508774
43218.750000	-110.774696
43242.187500	-110.719719
43265.625000	-110.900208
43289.062500	-111.456970
43312.500000	-112.107933
43335.937500	-112.532028
43359.375000	-112.776962
43382.812500	-112.166023
43406.250000	-110.787842
43429.687500	-108.862579
43453.125000	-107.786484
43476.562500	-109.419495
43500.000000	-111.717590
43523.437500	-112.138329
43546.875000	-112.453331
43570.312500	-112.709427
43593.750000	-112.548157
43617.187500	-111.736298
43640.625000	-111.854851
43664.062500	-111.539711
43687.500000	-111.013458
43710.937500	-112.339920
43734.375000	-112.689079
43757.812500	-111.373932
43781.250000	-109.334351
43804.687500	-108.093224
43828.125000	-107.654396
43851.562500	-108.621460
43875.000000	-110.526833
43898.437500	-111.197563
43921.875000	-111.028046
43945.312500	-109.509148
43968.750000	-108.681824
43992.187500	-109.242706
44015.625000	-110.684380
44039.062500	-110.882545
44062.500000	-110.876015
44085.937500	-110.751114
44109.375000	-109.504150
44132.812500	-109.168327
44156.250000	-110.146530
44179.687500	-111.775429
44203.125000	-112.474800
44226.562500	-112.250977
44250.000000	-112.097366
44273.437500	-112.036682
44296.875000	-111.762070
44320.312500	-111.532082
44343.750000	-111.102226
44367.187500	-110.173874
44390.625000	-109.155746
44414.062500	-109.393677
44437.500000	-107.795555
44460.937500	-106.782188
44484.375000	-108.750877
44507.812500	-110.402290
44531.250000	-108.923965
44554.687500	-107.915421
44578.125000	-108.759491
44601.562500	-111.364700
44625.000000	-112.129417
44648.437500	-110.802071
44671.875000	-109.992577
44695.312500	-110.053017
44718.750000	-110.298500
44742.187500	-110.691635
44765.625000	-111.075859
44789.062500	-110.166809
44812.500000	-108.970795
44835.937500	-108.665245
44859.375000	-110.498367
44882.812500	-111.726952
44906.250000	-111.062416
44929.687500	-111.051323
44953.125000	-111.201462
44976.562500	-111.449890
45000.000000	-111.378670
45023.437500	-110.154961
45046.875000	-111.165726
45070.312500	-112.510391
45093.750000	-111.612999
45117.187500	-111.050331
45140.625000	-111.637550
45164.062500	-111.899513
45187.500000	-111.138802
45210.937500	-110.687172
45234.375000	-111.033791
45257.812500	-111.620323
45281.250000	-110.942459
45304.687500	-110.677788
45328.125000	-111.293304
45351.562500	-112.683662
45375.000000	-112.412956
45398.437500	-111.514801
45421.875000	-112.756805
45445.312500	-112.239128
45468.750000	-111.283180
45492.187500	-112.389023
45515.625000	-113.616859
45539.062500	-113.512413
45562.500000	-112.979691
45585.937500	-111.699242
45609.375000	-109.791008
45632.812500	-109.889305
45656.250000	-110.543503
45679.687500	-109.945625
45703.125000	-110.963676
45726.562500	-111.335907
45750.000000	-111.744606
45773.437500	-113.099594
45796.875000	-111.078453
45820.312500	-109.524925
45843.750000	-107.220695
45867.187500	-106.641022
45890.625000	-108.951530
45914.062500	-108.441139
45937.500000	-110.424942
45960.937500	-111.199883
45984.375000	-112.897888
46007.812500	-112.009811
46031.250000	-111.714851
46054.687500	-111.239784
46078.125000	-111.954308
46101.562500	-112.416702
46125.000000	-112.591156
46148.437500	-112.194939
46171.875000	-110.799667
46195.312500	-107.889519
46218.750000	-106.408867
46242.187500	-105.585442
46265.625000	-108.000526
46289.062500	-109.582420
46312.500000	-110.625122
46335.937500	-110.540474
46359.375000	-109.217056
46382.812500	-109.512505
46406.250000	-110.937424
46429.687500	-111.353294
46453.125000	-110.561249
46476.562500	-111.171082
46500.000000	-110.823807
46523.437500	-110.176842
46546.875000	-110.910484
46570.312500	-113.002327
46593.750000	-115.171692
46617.187500	-115.627121
46640.625000	-114.499603
46664.062500	-114.572983
46687.500000	-114.622467
46710.937500	-113.744133
46734.375000	-112.992279
46757.812500	-112.352798
46781.250000	-111.330391
46804.687500	-111.214348
46828.125000	-110.271912
46851.562500	-107.946846
46875.000000	-109.363632
46898.437500	-113.017448
46921.875000	-112.230804
46945.312500	-109.400223
46968.750000	-109.421188
46992.187500	-112.047508
47015.625000	-114.888725
47039.062500	-114.007828
47062.500000	-111.943535
47085.937500	-110.399307
47109.375000	-110.825844
47132.812500	-110.502441
47156.250000	-111.809021
47179.687500	-111.895531
47203.125000	-110.759468
47226.562500	-109.092308
47250.000000	-109.588280
47273.437500	-111.350121
47296.875000	-110.291252
47320.312500	-109.493073
47343.750000	-107.879379
47367.187500	-107.319008
47390.625000	-108.938194
47414.062500	-110.588776
47437.500000	-111.207741
47460.937500	-112.247200
47484.375000	-112.898552
47507.812500	-111.943893
47531.250000	-111.801926
47554.687500	-112.054100
47578.125000	-113.256500
47601.562500	-112.939445
47625.000000	-111.820366
47648.437500	-111.297882
47671.875000	-109.787376
47695.312500	-108.434258
47718.750000	-108.812103
47742.187500	-108.564087
47765.625000	-111.856850
47789.062500	-111.106361
47812.500000	-113.016273
47835.937500	-114.020508
47859.375000	-111.782280
47882.812500	-112.318764
47906.250000	-112.629478
47929.687500	-112.794876
47953.125000	-113.478851
47976.562500	-111.277374
