Frequency (Hz)	Level (dB)
10.766602	-37.662205
21.533203	-40.813633
32.299805	-45.007759
43.066406	-40.786568
53.833008	-34.201073
64.599609	-28.107210
75.366211	-26.759741
86.132812	-25.062796
96.899414	-20.897957
107.666016	-22.063911
118.432617	-25.884802
129.199219	-28.135021
139.965820	-26.256393
150.732422	-24.747290
161.499023	-22.410206
172.265625	-21.251120
183.032227	-20.947029
193.798828	-19.588717
204.565430	-22.770727
215.332031	-26.640913
226.098633	-27.096951
236.865234	-32.493225
247.631836	-28.885023
258.398438	-30.221287
269.165039	-32.361546
279.931641	-32.180672
290.698242	-25.630966
301.464844	-27.947266
312.231445	-35.114738
322.998047	-31.662804
333.764648	-30.622286
344.531250	-36.628262
355.297852	-38.430336
366.064453	-36.184826
376.831055	-35.457348
387.597656	-28.963182
398.364258	-30.041658
409.130859	-40.674797
419.897461	-44.198021
430.664062	-39.721500
441.430664	-36.110897
452.197266	-41.950962
462.963867	-41.086533
473.730469	-41.037121
484.497070	-35.897812
495.263672	-31.819262
506.030273	-37.479015
516.796875	-38.343193
527.563477	-36.534878
538.330078	-43.139294
549.096680	-42.523453
559.863281	-42.012436
570.629883	-44.504971
581.396484	-36.660454
592.163086	-36.083344
602.929688	-45.973049
613.696289	-52.574947
624.462891	-48.953850
635.229492	-51.694206
645.996094	-46.427197
656.762695	-38.224464
667.529297	-40.733685
678.295898	-53.735874
689.062500	-54.009407
699.829102	-51.929356
710.595703	-53.680103
721.362305	-52.875591
732.128906	-44.267899
742.895508	-42.337803
753.662109	-47.508106
764.428711	-47.799465
775.195312	-35.113415
785.961914	-31.930849
796.728516	-38.966042
807.495117	-50.584057
818.261719	-51.624493
829.028320	-49.214096
839.794922	-51.462658
850.561523	-54.594894
861.328125	-50.354332
872.094727	-37.802727
882.861328	-35.687920
893.627930	-43.808491
904.394531	-54.530582
915.161133	-58.741692
925.927734	-54.693951
936.694336	-51.275661
947.460938	-55.874050
958.227539	-62.591236
968.994141	-57.832561
979.760742	-50.987667
990.527344	-48.981926
1001.293945	-53.867023
1012.060547	-57.192516
1022.827148	-50.726845
1033.593750	-48.960396
1044.360352	-43.323368
1055.126953	-41.095737
1065.893555	-47.155407
1076.660156	-50.660046
1087.426758	-46.383282
1098.193359	-40.921261
1108.959961	-41.903244
1119.726562	-48.245277
1130.493164	-56.169109
1141.259766	-57.283947
1152.026367	-52.319550
1162.792969	-39.643581
1173.559570	-32.984024
1184.326172	-35.471272
1195.092773	-45.614021
1205.859375	-55.215267
1216.625977	-57.505497
1227.392578	-54.733059
1238.159180	-52.299301
1248.925781	-53.709934
1259.692383	-58.182808
1270.458984	-60.260059
1281.225586	-55.589958
1291.992188	-56.516342
1302.758789	-56.616020
1313.525391	-51.401199
1324.291992	-51.553341
1335.058594	-58.459759
1345.825195	-64.320984
1356.591797	-60.876495
1367.358398	-54.421371
1378.125000	-55.589569
1388.891602	-59.609753
1399.658203	-60.479755
1410.424805	-64.455101
1421.191406	-69.173508
1431.958008	-69.330116
1442.724609	-66.962578
1453.491211	-60.940842
1464.257812	-55.187069
1475.024414	-53.710438
1485.791016	-55.178074
1496.557617	-61.220566
1507.324219	-67.019890
1518.090820	-67.943817
1528.857422	-61.927940
1539.624023	-55.686283
1550.390625	-54.895336
1561.157227	-48.663593
1571.923828	-46.694061
1582.690430	-51.623463
1593.457031	-57.972591
1604.223633	-61.806618
1614.990234	-59.654316
1625.756836	-61.893299
1636.523438	-64.029411
1647.290039	-61.316280
1658.056641	-61.066711
1668.823242	-60.255367
1679.589844	-62.482670
1690.356445	-66.263863
1701.123047	-67.635017
1711.889648	-65.355881
1722.656250	-59.489861
1733.422852	-55.892097
1744.189453	-55.624916
1754.956055	-48.852291
1765.722656	-47.089203
1776.489258	-52.479298
1787.255859	-59.866707
1798.022461	-63.442081
1808.789062	-62.425182
1819.555664	-59.015514
1830.322266	-59.445404
1841.088867	-56.431713
1851.855469	-56.096275
1862.622070	-59.394032
1873.388672	-59.741604
1884.155273	-58.940434
1894.921875	-59.532295
1905.688477	-56.801743
1916.455078	-56.342609
1927.221680	-61.730473
1937.988281	-63.262085
1948.754883	-58.663017
1959.521484	-54.446457
1970.288086	-56.605480
1981.054688	-56.565590
1991.821289	-57.523113
2002.587891	-61.705326
2013.354492	-65.055840
2024.121094	-66.687042
2034.887695	-66.255066
2045.654297	-63.538773
2056.420898	-60.853802
2067.187500	-58.738983
2077.954102	-59.172928
2088.720703	-59.316914
2099.487305	-59.055134
2110.253906	-60.419922
2121.020508	-64.041061
2131.787109	-64.414368
2142.553711	-54.956963
2153.320312	-51.916626
2164.086914	-57.032806
2174.853516	-60.319538
2185.620117	-60.012836
2196.386719	-59.886250
2207.153320	-57.249649
2217.919922	-57.954361
2228.686523	-59.216145
2239.453125	-60.023918
2250.219727	-63.996056
2260.986328	-66.010246
2271.752930	-65.837715
2282.519531	-64.726585
2293.286133	-63.695107
2304.052734	-61.376034
2314.819336	-60.926674
2325.585938	-62.603554
2336.352539	-60.694725
2347.119141	-53.958221
2357.885742	-53.152676
2368.652344	-57.372543
2379.418945	-62.380104
2390.185547	-65.391205
2400.952148	-62.980240
2411.718750	-62.924469
2422.485352	-62.887909
2433.251953	-62.376400
2444.018555	-62.484253
2454.785156	-63.222309
2465.551758	-60.937233
2476.318359	-57.905712
2487.084961	-58.658146
2497.851562	-59.896690
2508.618164	-57.070103
2519.384766	-56.996201
2530.151367	-60.168297
2540.917969	-60.009480
2551.684570	-59.850311
2562.451172	-63.259449
2573.217773	-62.811764
2583.984375	-62.412514
2594.750977	-62.371918
2605.517578	-61.154133
2616.284180	-59.386856
2627.050781	-59.889286
2637.817383	-58.630222
2648.583984	-58.435402
2659.350586	-59.425709
2670.117188	-60.985119
2680.883789	-62.258171
2691.650391	-63.031490
2702.416992	-61.029716
2713.183594	-58.879230
2723.950195	-59.209072
2734.716797	-59.778706
2745.483398	-58.614708
2756.250000	-59.943611
2767.016602	-62.094048
2777.783203	-64.011703
2788.549805	-66.208893
2799.316406	-66.005066
2810.083008	-65.068047
2820.849609	-62.251171
2831.616211	-62.967628
2842.382812	-67.973595
2853.149414	-69.881050
2863.916016	-67.487968
2874.682617	-63.229401
2885.449219	-63.785446
2896.215820	-66.407219
2906.982422	-66.974457
2917.749023	-66.377975
2928.515625	-62.480347
2939.282227	-59.489094
2950.048828	-61.146461
2960.815430	-61.540035
2971.582031	-61.551289
2982.348633	-63.092918
2993.115234	-63.002899
3003.881836	-66.170204
3014.648438	-68.341179
3025.415039	-66.614639
3036.181641	-62.929203
3046.948242	-61.985107
3057.714844	-64.454994
3068.481445	-67.014793
3079.248047	-67.599907
3090.014648	-65.330513
3100.781250	-62.558155
3111.547852	-63.344124
3122.314453	-63.288601
3133.081055	-58.835178
3143.847656	-56.075695
3154.614258	-57.167606
3165.380859	-58.695454
3176.147461	-60.946804
3186.914062	-64.365776
3197.680664	-66.054649
3208.447266	-66.135971
3219.213867	-64.209045
3229.980469	-61.348545
3240.747070	-61.296761
3251.513672	-59.152782
3262.280273	-58.406555
3273.046875	-61.536098
3283.813477	-62.437717
3294.580078	-62.974907
3305.346680	-63.772377
3316.113281	-63.017220
3326.879883	-60.790169
3337.646484	-60.486748
3348.413086	-63.402515
3359.179688	-64.870239
3369.946289	-65.145279
3380.712891	-67.622208
3391.479492	-69.689781
3402.246094	-69.157242
3413.012695	-67.482529
3423.779297	-68.275635
3434.545898	-66.810448
3445.312500	-64.692810
3456.079102	-63.855267
3466.845703	-65.096581
3477.612305	-66.483704
3488.378906	-66.769852
3499.145508	-65.190704
3509.912109	-65.316147
3520.678711	-62.758163
3531.445312	-61.039948
3542.211914	-61.985382
3552.978516	-62.309795
3563.745117	-61.508125
3574.511719	-61.997131
3585.278320	-63.170124
3596.044922	-65.952782
3606.811523	-69.415871
3617.578125	-69.290306
3628.344727	-68.941406
3639.111328	-69.968277
3649.877930	-70.211517
3660.644531	-69.823586
3671.411133	-69.602638
3682.177734	-68.335243
3692.944336	-66.240105
3703.710938	-65.339500
3714.477539	-64.471870
3725.244141	-64.620384
3736.010742	-64.834213
3746.777344	-64.516556
3757.543945	-65.905670
3768.310547	-67.683701
3779.077148	-66.334984
3789.843750	-65.290031
3800.610352	-62.969826
3811.376953	-58.405182
3822.143555	-57.823502
3832.910156	-62.097134
3843.676758	-66.260338
3854.443359	-67.926239
3865.209961	-67.575378
3875.976562	-67.166687
3886.743164	-66.494736
3897.509766	-66.605545
3908.276367	-66.018654
3919.042969	-64.841072
3929.809570	-64.139832
3940.576172	-65.239326
3951.342773	-66.319923
3962.109375	-65.602470
3972.875977	-60.814884
3983.642578	-55.863113
3994.409180	-59.078644
4005.175781	-62.438087
4015.942383	-63.760773
4026.708984	-64.451408
4037.475586	-65.614342
4048.242188	-66.656540
4059.008789	-68.152084
4069.775391	-68.550179
4080.541992	-67.835068
4091.308594	-66.520462
4102.075195	-66.376839
4112.841797	-64.929543
4123.608398	-63.969921
4134.375000	-63.389053
4145.141602	-62.803410
4155.908203	-65.793320
4166.674805	-66.572105
4177.441406	-65.841125
4188.208008	-66.507660
4198.974609	-66.699783
4209.741211	-66.374374
4220.507812	-66.114624
4231.274414	-66.458511
4242.041016	-66.591553
4252.807617	-66.610321
4263.574219	-65.836151
4274.340820	-65.632271
4285.107422	-66.532578
4295.874023	-66.887177
4306.640625	-66.465027
4317.407227	-64.181557
4328.173828	-61.957314
4338.940430	-62.522102
4349.707031	-64.614899
4360.473633	-64.657898
4371.240234	-64.209244
4382.006836	-64.435722
4392.773438	-64.911751
4403.540039	-63.100052
4414.306641	-63.511471
4425.073242	-66.746254
4435.839844	-67.776253
4446.606445	-66.499176
4457.373047	-66.711403
4468.139648	-65.648560
4478.906250	-63.208248
4489.672852	-61.291759
4500.439453	-63.236252
4511.206055	-66.324608
4521.972656	-63.916714
4532.739258	-63.622849
4543.505859	-66.402206
4554.272461	-68.243690
4565.039062	-69.073296
4575.805664	-68.984009
4586.572266	-67.296341
4597.338867	-65.873383
4608.105469	-65.443771
4618.872070	-65.522278
4629.638672	-66.216515
4640.405273	-67.316185
4651.171875	-67.486153
4661.938477	-67.147392
4672.705078	-67.689659
4683.471680	-67.669731
4694.238281	-65.728859
4705.004883	-62.733318
4715.771484	-60.512753
4726.538086	-58.915329
4737.304688	-60.132122
4748.071289	-64.491638
4758.837891	-66.806969
4769.604492	-66.984375
4780.371094	-66.303604
4791.137695	-65.606415
4801.904297	-65.028770
4812.670898	-64.270210
4823.437500	-63.766449
4834.204102	-65.491066
4844.970703	-66.299660
4855.737305	-67.101547
4866.503906	-68.160355
4877.270508	-68.232605
4888.037109	-67.759659
4898.803711	-68.003937
4909.570312	-67.721436
4920.336914	-63.323692
4931.103516	-61.903248
4941.870117	-65.886833
4952.636719	-67.125137
4963.403320	-67.037125
4974.169922	-65.516937
4984.936523	-64.359962
4995.703125	-65.732689
5006.469727	-67.205566
5017.236328	-67.908257
5028.002930	-67.292450
5038.769531	-66.905083
5049.536133	-67.169380
5060.302734	-67.246956
5071.069336	-67.458305
5081.835938	-67.004211
5092.602539	-66.222359
5103.369141	-64.384239
5114.135742	-63.589451
5124.902344	-64.691322
5135.668945	-64.669960
5146.435547	-66.380562
5157.202148	-65.365059
5167.968750	-63.692852
5178.735352	-65.454697
5189.501953	-66.009087
5200.268555	-66.099800
5211.035156	-66.369339
5221.801758	-66.370392
5232.568359	-65.614670
5243.334961	-65.349327
5254.101562	-66.281250
5264.868164	-66.014496
5275.634766	-65.277992
5286.401367	-64.629646
5297.167969	-63.532227
5307.934570	-62.701557
5318.701172	-61.125923
5329.467773	-60.344116
5340.234375	-62.430519
5351.000977	-65.323364
5361.767578	-66.261581
5372.534180	-66.121117
5383.300781	-65.992622
5394.067383	-66.144096
5404.833984	-65.766663
5415.600586	-64.504852
5426.367188	-63.250542
5437.133789	-62.093262
5447.900391	-58.270466
5458.666992	-57.023911
5469.433594	-61.071766
5480.200195	-65.616547
5490.966797	-65.585213
5501.733398	-64.779037
5512.500000	-63.853329
5523.266602	-62.433525
5534.033203	-63.417160
5544.799805	-64.496391
5555.566406	-64.056839
5566.333008	-63.385620
5577.099609	-63.425140
5587.866211	-62.753033
5598.632812	-62.980453
5609.399414	-63.975937
5620.166016	-64.251785
5630.932617	-63.779938
5641.699219	-61.997669
5652.465820	-60.331200
5663.232422	-62.910675
5673.999023	-64.250488
5684.765625	-64.665939
5695.532227	-64.590668
5706.298828	-62.186069
5717.065430	-61.320347
5727.832031	-61.043385
5738.598633	-63.019009
5749.365234	-64.207817
5760.131836	-64.348328
5770.898438	-64.277702
5781.665039	-63.896271
5792.431641	-63.758060
5803.198242	-63.578728
5813.964844	-62.922302
5824.731445	-62.077293
5835.498047	-61.462143
5846.264648	-62.140781
5857.031250	-63.378166
5867.797852	-63.425629
5878.564453	-62.639088
5889.331055	-61.386402
5900.097656	-61.312866
5910.864258	-61.372841
5921.630859	-61.942501
5932.397461	-62.658268
5943.164062	-62.154526
5953.930664	-59.623222
5964.697266	-59.099056
5975.463867	-60.732632
5986.230469	-61.819916
5996.997070	-62.626038
6007.763672	-63.048603
6018.530273	-63.416878
6029.296875	-63.578724
6040.063477	-63.644985
6050.830078	-63.138603
6061.596680	-62.560257
6072.363281	-63.000294
6083.129883	-63.256237
6093.896484	-63.022449
6104.663086	-62.915661
6115.429688	-62.657139
6126.196289	-62.672104
6136.962891	-62.843834
6147.729492	-63.364750
6158.496094	-63.511570
6169.262695	-63.353004
6180.029297	-63.137249
6190.795898	-63.054558
6201.562500	-62.776936
6212.329102	-62.395340
6223.095703	-62.807499
6233.862305	-63.585968
6244.628906	-63.484879
6255.395508	-63.494904
6266.162109	-63.329872
6276.928711	-63.300026
6287.695312	-63.037296
6298.461914	-61.859753
6309.228516	-61.793884
6319.995117	-62.130592
6330.761719	-62.219742
6341.528320	-62.471504
6352.294922	-62.863819
6363.061523	-62.854637
6373.828125	-62.954067
6384.594727	-62.427662
6395.361328	-62.571487
6406.127930	-63.305801
6416.894531	-63.414715
6427.661133	-63.632523
6438.427734	-63.661827
6449.194336	-63.246830
6459.960938	-63.507645
6470.727539	-63.336624
6481.494141	-62.259521
6492.260742	-61.947662
6503.027344	-62.325665
6513.793945	-61.923763
6524.560547	-62.782757
6535.327148	-63.505707
6546.093750	-63.860107
6556.860352	-64.384918
6567.626953	-64.325081
6578.393555	-63.911678
6589.160156	-63.856789
6599.926758	-63.576469
6610.693359	-63.398098
6621.459961	-63.346443
6632.226562	-63.779629
6642.993164	-64.031975
6653.759766	-64.082207
6664.526367	-64.278755
6675.292969	-64.099777
6686.059570	-63.490650
6696.826172	-61.783672
6707.592773	-60.571270
6718.359375	-61.747639
6729.125977	-63.048851
6739.892578	-63.865982
6750.659180	-64.046799
6761.425781	-64.290230
6772.192383	-64.424187
6782.958984	-63.762634
6793.725586	-63.971035
6804.492188	-64.070946
6815.258789	-63.526695
6826.025391	-63.396111
6836.791992	-63.591324
6847.558594	-63.497169
6858.325195	-63.439163
6869.091797	-63.878128
6879.858398	-64.201530
6890.625000	-64.525757
6901.391602	-64.399521
6912.158203	-63.884212
6922.924805	-63.636955
6933.691406	-63.105228
6944.458008	-62.691589
6955.224609	-62.903492
6965.991211	-63.263805
6976.757812	-63.733406
6987.524414	-63.815907
6998.291016	-63.857117
7009.057617	-64.257500
7019.824219	-64.675682
7030.590820	-64.903831
7041.357422	-64.534157
7052.124023	-63.125801
7062.890625	-62.916855
7073.657227	-63.491173
7084.423828	-62.199310
7095.190430	-61.638649
7105.957031	-61.101974
7116.723633	-60.377716
7127.490234	-62.499733
7138.256836	-64.008324
7149.023438	-64.181465
7159.790039	-62.696117
7170.556641	-62.113014
7181.323242	-64.470688
7192.089844	-65.050644
7202.856445	-64.966927
7213.623047	-64.747429
7224.389648	-64.853249
7235.156250	-65.481194
7245.922852	-65.355583
7256.689453	-64.883812
7267.456055	-64.681824
7278.222656	-64.325333
7288.989258	-64.233238
7299.755859	-64.436348
7310.522461	-64.537514
7321.289062	-64.577835
7332.055664	-64.854614
7342.822266	-64.547005
7353.588867	-64.450241
7364.355469	-64.062180
7375.122070	-63.340614
7385.888672	-62.957878
7396.655273	-63.778633
7407.421875	-64.438034
7418.188477	-64.420998
7428.955078	-64.703590
7439.721680	-64.847260
7450.488281	-64.610596
7461.254883	-64.662498
7472.021484	-65.052200
7482.788086	-65.006485
7493.554688	-64.515190
7504.321289	-64.591179
7515.087891	-64.758949
7525.854492	-64.038193
7536.621094	-64.098862
7547.387695	-63.899666
7558.154297	-63.177677
7568.920898	-61.934212
7579.687500	-61.357243
7590.454102	-61.537113
7601.220703	-62.080044
7611.987305	-59.738819
7622.753906	-54.209633
7633.520508	-56.469620
7644.287109	-61.319977
7655.053711	-60.961342
7665.820312	-62.937157
7676.586914	-64.062149
7687.353516	-63.014671
7698.120117	-63.148960
7708.886719	-63.433788
7719.653320	-63.639183
7730.419922	-63.856358
7741.186523	-64.134483
7751.953125	-63.945621
7762.719727	-63.960495
7773.486328	-63.948063
7784.252930	-63.961224
7795.019531	-64.247246
7805.786133	-64.121613
7816.552734	-63.541916
7827.319336	-63.571526
7838.085938	-63.853497
7848.852539	-64.202263
7859.619141	-64.524368
7870.385742	-64.946625
7881.152344	-65.195366
7891.918945	-64.667336
7902.685547	-64.327286
7913.452148	-64.318977
7924.218750	-62.798950
7934.985352	-61.952065
7945.751953	-62.999912
7956.518555	-64.803932
7967.285156	-64.370422
7978.051758	-64.069878
7988.818359	-63.413418
7999.584961	-63.359257
8010.351562	-63.745113
8021.118164	-63.481140
8031.884766	-62.903000
8042.651367	-61.729004
8053.417969	-62.799206
8064.184570	-63.100140
8074.951172	-63.807278
8085.717773	-63.946312
8096.484375	-64.031433
8107.250977	-63.610989
8118.017578	-63.638874
8128.784180	-63.717484
8139.550781	-63.710522
8150.317383	-63.603771
8161.083984	-63.831802
8171.850586	-63.626228
8182.617188	-63.628441
8193.383789	-63.961937
8204.150391	-63.977242
8214.916992	-63.953434
8225.683594	-63.814465
8236.450195	-63.655670
8247.216797	-63.905727
8257.983398	-64.230881
8268.750000	-64.052330
8279.516602	-64.083450
8290.283203	-64.060722
8301.049805	-63.874367
8311.816406	-64.134720
8322.583008	-63.933678
8333.349609	-63.414124
8344.116211	-63.754078
8354.882812	-64.529060
8365.649414	-64.877060
8376.416016	-64.833031
8387.182617	-64.747772
8397.949219	-64.952950
8408.715820	-64.844574
8419.482422	-64.613335
8430.249023	-64.497414
8441.015625	-64.553429
8451.782227	-64.574463
8462.548828	-64.290909
8473.315430	-64.065918
8484.082031	-64.570824
8494.848633	-64.127533
8505.615234	-62.902252
8516.381836	-63.349609
8527.148438	-63.321114
8537.915039	-61.457558
8548.681641	-59.447067
8559.448242	-60.803791
8570.214844	-62.778015
8580.981445	-59.607872
8591.748047	-59.697094
8602.514648	-59.960541
8613.281250	-59.005280
8624.047852	-59.390591
8634.814453	-59.222042
8645.581055	-59.737671
8656.347656	-58.569427
8667.114258	-57.960854
8677.880859	-57.166275
8688.647461	-58.082329
8699.414062	-60.282135
8710.180664	-57.119228
8720.947266	-56.325756
8731.713867	-58.668037
8742.480469	-59.509628
8753.247070	-61.338966
8764.013672	-58.637589
8774.780273	-60.432987
8785.546875	-62.969837
8796.313477	-61.891903
8807.080078	-62.363789
8817.846680	-59.020546
8828.613281	-60.669800
8839.379883	-62.180050
8850.146484	-60.319794
8860.913086	-62.016155
8871.679688	-63.453323
8882.446289	-63.122677
8893.212891	-62.717289
8903.979492	-62.904053
8914.746094	-63.182774
8925.512695	-63.259167
8936.279297	-62.766312
8947.045898	-62.835358
8957.812500	-61.803936
8968.579102	-62.625469
8979.345703	-63.437904
8990.112305	-63.073143
9000.878906	-61.758556
9011.645508	-62.631512
9022.412109	-63.521851
9033.178711	-63.886284
9043.945312	-63.926140
9054.711914	-64.144081
9065.478516	-64.141556
9076.245117	-64.080864
9087.011719	-63.778629
9097.778320	-63.867188
9108.544922	-64.002670
9119.311523	-63.640106
9130.078125	-62.994476
9140.844727	-62.842644
9151.611328	-62.968670
9162.377930	-63.074455
9173.144531	-63.205269
9183.911133	-62.988964
9194.677734	-62.795677
9205.444336	-62.850880
9216.210938	-62.853443
9226.977539	-62.995831
9237.744141	-63.118641
9248.510742	-63.266041
9259.277344	-62.542782
9270.043945	-62.588715
9280.810547	-63.303307
9291.577148	-63.742100
9302.343750	-63.820065
9313.110352	-63.569569
9323.876953	-63.247929
9334.643555	-63.073208
9345.410156	-62.948967
9356.176758	-62.581287
9366.943359	-62.850800
9377.709961	-63.050358
9388.476562	-62.251003
9399.243164	-62.536552
9410.009766	-63.716496
9420.776367	-63.822388
9431.542969	-63.739044
9442.309570	-63.563461
9453.076172	-63.647507
9463.842773	-63.211411
9474.609375	-62.775871
9485.375977	-62.935921
9496.142578	-63.257923
9506.909180	-63.304420
9517.675781	-63.137962
9528.442383	-63.042145
9539.208984	-63.441990
9549.975586	-62.653278
9560.742188	-62.944847
9571.508789	-63.342030
9582.275391	-63.154438
9593.041992	-62.717663
9603.808594	-62.026360
9614.575195	-61.390778
9625.341797	-60.536736
9636.108398	-59.299889
9646.875000	-60.024548
9657.641602	-61.919872
9668.408203	-62.685043
9679.174805	-62.643162
9689.941406	-62.333298
9700.708008	-62.597393
9711.474609	-63.499779
9722.241211	-63.612221
9733.007812	-63.564701
9743.774414	-63.460331
9754.541016	-63.253559
9765.307617	-63.041027
9776.074219	-62.761574
9786.840820	-62.501877
9797.607422	-62.323437
9808.374023	-62.289093
9819.140625	-62.272972
9829.907227	-61.609734
9840.673828	-62.174755
9851.440430	-63.060181
9862.207031	-63.243557
9872.973633	-63.333477
9883.740234	-62.927525
9894.506836	-63.213047
9905.273438	-63.372292
9916.040039	-63.231300
9926.806641	-63.075535
9937.573242	-62.775188
9948.339844	-62.352814
9959.106445	-62.005241
9969.873047	-62.157578
9980.639648	-62.506313
9991.406250	-62.477886
10002.172852	-62.901024
10012.939453	-63.069386
10023.706055	-63.171848
10034.472656	-63.287552
10045.239258	-63.093884
10056.005859	-62.699158
10066.772461	-63.018883
10077.539062	-63.152901
10088.305664	-63.011978
10099.072266	-62.355133
10109.838867	-61.955776
10120.605469	-61.709480
10131.372070	-61.396255
10142.138672	-61.347786
10152.905273	-61.487259
10163.671875	-61.841251
10174.438477	-62.236504
10185.205078	-62.816097
10195.971680	-62.699387
10206.738281	-62.423763
10217.504883	-62.274582
10228.271484	-62.208221
10239.038086	-61.626678
10249.804688	-61.473892
10260.571289	-62.184944
10271.337891	-62.482300
10282.104492	-62.325302
10292.871094	-61.308201
10303.637695	-61.965965
10314.404297	-62.598175
10325.170898	-62.814640
10335.937500	-62.855957
10346.704102	-62.888084
10357.470703	-62.947407
10368.237305	-62.528667
10379.003906	-62.503098
10389.770508	-62.412624
10400.537109	-62.443466
10411.303711	-62.268906
10422.070312	-62.352512
10432.836914	-62.774456
10443.603516	-62.858711
10454.370117	-63.242821
10465.136719	-63.153065
10475.903320	-63.016880
10486.669922	-63.233955
10497.436523	-63.469006
10508.203125	-63.409931
10518.969727	-63.277561
10529.736328	-63.337898
10540.502930	-63.416206
10551.269531	-63.104523
10562.036133	-61.987221
10572.802734	-62.364941
10583.569336	-62.926197
10594.335938	-62.980659
10605.102539	-63.040970
10615.869141	-62.858604
10626.635742	-63.116383
10637.402344	-63.270760
10648.168945	-63.435226
10658.935547	-63.746597
10669.702148	-63.914696
10680.468750	-63.791603
10691.235352	-63.482468
10702.001953	-63.467545
10712.768555	-63.345024
10723.535156	-62.116543
10734.301758	-59.800667
10745.068359	-59.147453
10755.834961	-60.635525
10766.601562	-62.145977
10777.368164	-61.298630
10788.134766	-61.525528
10798.901367	-62.736160
10809.667969	-63.182152
10820.434570	-63.489819
10831.201172	-63.630810
10841.967773	-63.426147
10852.734375	-63.448822
10863.500977	-63.445145
10874.267578	-62.518303
10885.034180	-58.294895
10895.800781	-53.811020
10906.567383	-56.538651
10917.333984	-61.448196
10928.100586	-62.937664
10938.867188	-63.247677
10949.633789	-63.577061
10960.400391	-62.780563
10971.166992	-61.868629
10981.933594	-62.468777
10992.700195	-63.094917
11003.466797	-62.448788
11014.233398	-62.655605
11025.000000	-63.082775
11035.766602	-62.433277
11046.533203	-61.735733
11057.299805	-61.698715
11068.066406	-62.346313
11078.833008	-62.938515
11089.599609	-63.212196
11100.366211	-63.599579
11111.132812	-63.847466
11121.899414	-63.961929
11132.666016	-63.948174
11143.432617	-63.947311
11154.199219	-63.867413
11164.965820	-64.058647
11175.732422	-64.165329
11186.499023	-64.159874
11197.265625	-64.284218
11208.032227	-64.127914
11218.798828	-63.858635
11229.565430	-63.569206
11240.332031	-63.770992
11251.098633	-62.958012
11261.865234	-62.069633
11272.631836	-63.259903
11283.398438	-63.165508
11294.165039	-61.531513
11304.931641	-61.176704
11315.698242	-63.376827
11326.464844	-63.780941
11337.231445	-62.770844
11347.998047	-62.673267
11358.764648	-63.238708
11369.531250	-63.570282
11380.297852	-64.217194
11391.064453	-64.500259
11401.831055	-64.441216
11412.597656	-63.810860
11423.364258	-61.404839
11434.130859	-59.693584
11444.897461	-60.458397
11455.664062	-62.755104
11466.430664	-64.112190
11477.197266	-63.575287
11487.963867	-63.329960
11498.730469	-62.930283
11509.497070	-63.659454
11520.263672	-64.518333
11531.030273	-64.451088
11541.796875	-64.693169
11552.563477	-65.010017
11563.330078	-65.165230
11574.096680	-64.898521
11584.863281	-64.873093
11595.629883	-64.913338
11606.396484	-64.758446
11617.163086	-64.717171
11627.929688	-64.726967
11638.696289	-64.445129
11649.462891	-64.484421
11660.229492	-64.499489
11670.996094	-64.487122
11681.762695	-64.613625
11692.529297	-64.870178
11703.295898	-65.236015
11714.062500	-65.533180
11724.829102	-65.425652
11735.595703	-65.378021
11746.362305	-64.948326
11757.128906	-64.311157
11767.895508	-62.652363
11778.662109	-62.546143
11789.428711	-63.804577
11800.195312	-64.917542
11810.961914	-65.489876
11821.728516	-65.380264
11832.495117	-61.860340
11843.261719	-58.836632
11854.028320	-61.878845
11864.794922	-65.312027
11875.561523	-65.406143
11886.328125	-65.363625
11897.094727	-65.527740
11907.861328	-65.644066
11918.627930	-65.560768
11929.394531	-65.582962
11940.161133	-65.451607
11950.927734	-65.004196
11961.694336	-64.481575
11972.460938	-64.125267
11983.227539	-64.621658
11993.994141	-64.771523
12004.760742	-64.508896
12015.527344	-64.415993
12026.293945	-64.223373
12037.060547	-64.339340
12047.827148	-64.966446
12058.593750	-65.172897
12069.360352	-65.223953
12080.126953	-65.275116
12090.893555	-65.365791
12101.660156	-65.377037
12112.426758	-65.075745
12123.193359	-65.000206
12133.959961	-64.660942
12144.726562	-64.305214
12155.493164	-64.668777
12166.259766	-64.766548
12177.026367	-64.827354
12187.792969	-64.891174
12198.559570	-65.075478
12209.326172	-65.236366
12220.092773	-65.287865
12230.859375	-65.353249
12241.625977	-65.508591
12252.392578	-65.520767
12263.159180	-65.569611
12273.925781	-65.659149
12284.692383	-65.386703
12295.458984	-65.204323
12306.225586	-65.166931
12316.992188	-65.686600
12327.758789	-66.104858
12338.525391	-66.119766
12349.291992	-65.790718
12360.058594	-64.097832
12370.825195	-63.445419
12381.591797	-65.551468
12392.358398	-65.994492
12403.125000	-65.973091
12413.891602	-65.542625
12424.658203	-65.610382
12435.424805	-65.664124
12446.191406	-65.235588
12456.958008	-65.047630
12467.724609	-65.226707
12478.491211	-65.105568
12489.257812	-65.209633
12500.024414	-65.865204
12510.791016	-65.836479
12521.557617	-65.558533
12532.324219	-65.419846
12543.090820	-65.577538
12553.857422	-65.877609
12564.624023	-65.862213
12575.390625	-65.689789
12586.157227	-65.342743
12596.923828	-64.827286
12607.690430	-64.475777
12618.457031	-64.408394
12629.223633	-64.720001
12639.990234	-64.848557
12650.756836	-64.215652
12661.523438	-63.153885
12672.290039	-63.271469
12683.056641	-64.162994
12693.823242	-65.002632
12704.589844	-65.200775
12715.356445	-65.232605
12726.123047	-65.370186
12736.889648	-65.319817
12747.656250	-65.239212
12758.422852	-65.113464
12769.189453	-64.945000
12779.956055	-64.892975
12790.722656	-65.103035
12801.489258	-65.131516
12812.255859	-65.006340
12823.022461	-65.156311
12833.789062	-64.712456
12844.555664	-65.355576
12855.322266	-65.954605
12866.088867	-65.564384
12876.855469	-65.054642
12887.622070	-65.116104
12898.388672	-65.406693
12909.155273	-65.099129
12919.921875	-65.020653
12930.688477	-65.062637
12941.455078	-64.820595
12952.221680	-65.525475
12962.988281	-65.865608
12973.754883	-65.169716
12984.521484	-65.204773
12995.288086	-65.734299
13006.054688	-66.080681
13016.821289	-66.089966
13027.587891	-66.087059
13038.354492	-66.199463
13049.121094	-66.339264
13059.887695	-65.804878
13070.654297	-65.463249
13081.420898	-65.373955
13092.187500	-66.347694
13102.954102	-66.861076
13113.720703	-66.892555
13124.487305	-66.682137
13135.253906	-66.543854
13146.020508	-66.648834
13156.787109	-66.548378
13167.553711	-66.653122
13178.320312	-66.743713
13189.086914	-66.412117
13199.853516	-64.594254
13210.620117	-62.979126
13221.386719	-63.736637
13232.153320	-60.560753
13242.919922	-54.885811
13253.686523	-57.895321
13264.453125	-64.712624
13275.219727	-65.380707
13285.986328	-65.035027
13296.752930	-65.487518
13307.519531	-65.521400
13318.286133	-65.560890
13329.052734	-65.982071
13339.819336	-65.899925
13350.585938	-65.939606
13361.352539	-66.118233
13372.119141	-66.644402
13382.885742	-67.162628
13393.652344	-67.188026
13404.418945	-67.331146
13415.185547	-67.540016
13425.952148	-67.613251
13436.718750	-67.470833
13447.485352	-67.496986
13458.251953	-67.858521
13469.018555	-67.706131
13479.785156	-67.595337
13490.551758	-67.509064
13501.318359	-67.070778
13512.084961	-66.286560
13522.851562	-66.228233
13533.618164	-66.164375
13544.384766	-66.298103
13555.151367	-66.331291
13565.917969	-65.854996
13576.684570	-65.611931
13587.451172	-65.243599
13598.217773	-64.577255
13608.984375	-66.203308
13619.750977	-66.231010
13630.517578	-66.210274
13641.284180	-66.254295
13652.050781	-65.507477
13662.817383	-65.481514
13673.583984	-66.111305
13684.350586	-65.919128
13695.117188	-65.593422
13705.883789	-66.127060
13716.650391	-66.356232
13727.416992	-66.333733
13738.183594	-66.492126
13748.950195	-66.127228
13759.716797	-66.041924
13770.483398	-66.584625
13781.250000	-66.907524
13792.016602	-67.022789
13802.783203	-66.877243
13813.549805	-66.843040
13824.316406	-66.653053
13835.083008	-66.467628
13845.849609	-65.833229
13856.616211	-66.564117
13867.382812	-66.914322
13878.149414	-65.809982
13888.916016	-64.491676
13899.682617	-63.441914
13910.449219	-64.526848
13921.215820	-65.550644
13931.982422	-65.532463
13942.749023	-65.943192
13953.515625	-65.584488
13964.282227	-64.099556
13975.048828	-63.839863
13985.815430	-64.912628
13996.582031	-66.032227
14007.348633	-66.841835
14018.115234	-67.298508
14028.881836	-67.385056
14039.648438	-67.426521
14050.415039	-67.644356
14061.181641	-67.857872
14071.948242	-67.963295
14082.714844	-67.955109
14093.481445	-67.917297
14104.248047	-67.740120
14115.014648	-67.602486
14125.781250	-66.824486
14136.547852	-66.601341
14147.314453	-67.440674
14158.081055	-67.587532
14168.847656	-67.597000
14179.614258	-67.892059
14190.380859	-68.130608
14201.147461	-68.051018
14211.914062	-68.098625
14222.680664	-68.163132
14233.447266	-67.877724
14244.213867	-67.468636
14254.980469	-67.312721
14265.747070	-66.940331
14276.513672	-66.594429
14287.280273	-67.556396
14298.046875	-67.835838
14308.813477	-68.020180
14319.580078	-67.630096
14330.346680	-67.264755
14341.113281	-67.029205
14351.879883	-67.271988
14362.646484	-67.689171
14373.413086	-67.668205
14384.179688	-67.491592
14394.946289	-67.611572
14405.712891	-68.240295
14416.479492	-68.543045
14427.246094	-68.292961
14438.012695	-67.553268
14448.779297	-67.689316
14459.545898	-68.057961
14470.312500	-67.647194
14481.079102	-67.752304
14491.845703	-67.657829
14502.612305	-67.128487
14513.378906	-66.941223
14524.145508	-66.834709
14534.912109	-67.178230
14545.678711	-67.502090
14556.445312	-67.003464
14567.211914	-66.946678
14577.978516	-67.470001
14588.745117	-67.577995
14599.511719	-67.763855
14610.278320	-67.869759
14621.044922	-67.466537
14631.811523	-66.336502
14642.578125	-63.905876
14653.344727	-64.092926
14664.111328	-65.890961
14674.877930	-66.461594
14685.644531	-66.785370
14696.411133	-66.848740
14707.177734	-67.090347
14717.944336	-67.362770
14728.710938	-67.217766
14739.477539	-66.719627
14750.244141	-65.387550
14761.010742	-66.379478
14771.777344	-67.242966
14782.543945	-67.289330
14793.310547	-67.354996
14804.077148	-67.699532
14814.843750	-67.490646
14825.610352	-67.297256
14836.376953	-67.439606
14847.143555	-67.607422
14857.910156	-67.746666
14868.676758	-67.945358
14879.443359	-67.603539
14890.209961	-65.537781
14900.976562	-65.051781
14911.743164	-66.863113
14922.509766	-67.166649
14933.276367	-67.154411
14944.042969	-67.668381
14954.809570	-67.899643
14965.576172	-67.731041
14976.342773	-68.286743
14987.109375	-68.551476
14997.875977	-67.992676
15008.642578	-67.871017
15019.409180	-68.432358
15030.175781	-68.236908
15040.942383	-67.790512
15051.708984	-67.863800
15062.475586	-68.081833
15073.242188	-68.345047
15084.008789	-68.259422
15094.775391	-68.273369
15105.541992	-68.236122
15116.308594	-68.195427
15127.075195	-67.906326
15137.841797	-67.561623
15148.608398	-66.917946
15159.375000	-67.214256
15170.141602	-67.587494
15180.908203	-67.515694
15191.674805	-67.741844
15202.441406	-67.375740
15213.208008	-66.628212
15223.974609	-65.922821
15234.741211	-66.640846
15245.507812	-67.457954
15256.274414	-67.723663
15267.041016	-67.270905
15277.807617	-66.882881
15288.574219	-67.053299
15299.340820	-67.469215
15310.107422	-67.762596
15320.874023	-68.190346
15331.640625	-68.322998
15342.407227	-68.172966
15353.173828	-68.207420
15363.940430	-68.223778
15374.707031	-68.286995
15385.473633	-68.465302
15396.240234	-68.637215
15407.006836	-68.312210
15417.773438	-67.868347
15428.540039	-67.911499
15439.306641	-68.060501
15450.073242	-67.976540
15460.839844	-68.126854
15471.606445	-67.781807
15482.373047	-67.370186
15493.139648	-65.633186
15503.906250	-64.760605
15514.672852	-68.241302
15525.439453	-69.273026
15536.206055	-69.405403
15546.972656	-69.546570
15557.739258	-69.749542
15568.505859	-69.770523
15579.272461	-69.570442
15590.039062	-69.451065
15600.805664	-69.296860
15611.572266	-69.153229
15622.338867	-69.072037
15633.105469	-69.285416
15643.872070	-69.330482
15654.638672	-68.898254
15665.405273	-68.684135
15676.171875	-69.083984
15686.938477	-69.143059
15697.705078	-68.934448
15708.471680	-68.900932
15719.238281	-69.064064
15730.004883	-68.226318
15740.771484	-68.357437
15751.538086	-68.193100
15762.304688	-65.357819
15773.071289	-66.791740
15783.837891	-68.734039
15794.604492	-68.786507
15805.371094	-68.726700
15816.137695	-68.649063
15826.904297	-68.631210
15837.670898	-68.630379
15848.437500	-67.465355
15859.204102	-65.977188
15869.970703	-66.719719
15880.737305	-67.816696
15891.503906	-68.495018
15902.270508	-68.470284
15913.037109	-68.683586
15923.803711	-68.978676
15934.570312	-69.494652
15945.336914	-69.554848
15956.103516	-69.199455
15966.870117	-69.515739
15977.636719	-69.866188
15988.403320	-69.915604
15999.169922	-69.577904
16009.936523	-69.404816
16020.703125	-69.345863
16031.469727	-69.269638
16042.236328	-69.299896
16053.002930	-69.343590
16063.769531	-69.121964
16074.536133	-68.714592
16085.302734	-68.583260
16096.069336	-68.334183
16106.835938	-68.092308
16117.602539	-68.606529
16128.369141	-69.177299
16139.135742	-69.394135
16149.902344	-69.515709
16160.668945	-69.528824
16171.435547	-69.321358
16182.202148	-69.436684
16192.968750	-69.178909
16203.735352	-68.890396
16214.501953	-69.113014
16225.268555	-69.471474
16236.035156	-69.662224
16246.801758	-69.757820
16257.568359	-69.955475
16268.334961	-69.821732
16279.101562	-69.522545
16289.868164	-69.650208
16300.634766	-69.709412
16311.401367	-69.782532
16322.167969	-69.209724
16332.934570	-68.971848
16343.701172	-69.494476
16354.467773	-70.255943
16365.234375	-70.527946
16376.000977	-70.244446
16386.767578	-69.526527
16397.534180	-69.436325
16408.300781	-70.156952
16419.067383	-70.198738
16429.833984	-69.485474
16440.600586	-68.589775
16451.367188	-67.924721
16462.133789	-66.695328
16472.900391	-65.910744
16483.666992	-66.336975
16494.433594	-67.244171
16505.200195	-67.749191
16515.966797	-68.388412
16526.733398	-69.291748
16537.500000	-69.687187
16548.266602	-69.728088
16559.033203	-69.753624
16569.799805	-69.891525
16580.566406	-70.264671
16591.333008	-70.209305
16602.099609	-70.092674
16612.866211	-70.368629
16623.632812	-70.547813
16634.399414	-70.533699
16645.166016	-70.498283
16655.932617	-70.465652
16666.699219	-70.527580
16677.465820	-70.360115
16688.232422	-69.792252
16698.999023	-69.629730
16709.765625	-69.873352
16720.532227	-69.640793
16731.298828	-68.547867
16742.065430	-68.313400
16752.832031	-69.705536
16763.598633	-69.750259
16774.365234	-69.886711
16785.131836	-70.019547
16795.898438	-69.915665
16806.665039	-68.608047
16817.431641	-68.519531
16828.198242	-69.092140
16838.964844	-69.612343
16849.731445	-70.066689
16860.498047	-70.369881
16871.264648	-70.461884
16882.031250	-70.260139
16892.797852	-69.841469
16903.564453	-69.467628
16914.331055	-69.735741
16925.097656	-70.175018
16935.864258	-70.083794
16946.630859	-70.063980
16957.397461	-70.383858
16968.164062	-70.423653
16978.930664	-70.334175
16989.697266	-70.097740
17000.463867	-69.865952
17011.230469	-69.700172
17021.997070	-69.623611
17032.763672	-69.665489
17043.530273	-70.028534
17054.296875	-69.817116
17065.063477	-69.301567
17075.830078	-68.388206
17086.596680	-66.262619
17097.363281	-65.868248
17108.129883	-68.289642
17118.896484	-69.486259
17129.663086	-69.567772
17140.429688	-69.606049
17151.196289	-70.101265
17161.962891	-70.527000
17172.729492	-70.522942
17183.496094	-70.254105
17194.262695	-70.199722
17205.029297	-70.535179
17215.795898	-70.786743
17226.562500	-70.755508
17237.329102	-70.826080
17248.095703	-71.054504
17258.862305	-70.800919
17269.628906	-70.338554
17280.395508	-70.325317
17291.162109	-70.705734
17301.928711	-71.029602
17312.695312	-70.901062
17323.461914	-70.842865
17334.228516	-70.597458
17344.995117	-70.344261
17355.761719	-70.662643
17366.528320	-71.016090
17377.294922	-71.060410
17388.061523	-70.900856
17398.828125	-70.822418
17409.594727	-70.534203
17420.361328	-70.101593
17431.127930	-69.941177
17441.894531	-70.259499
17452.661133	-70.114456
17463.427734	-70.347191
17474.194336	-70.205177
17484.960938	-70.224564
17495.727539	-70.503090
17506.494141	-70.479439
17517.260742	-70.391647
17528.027344	-70.079552
17538.793945	-70.144127
17549.560547	-69.980980
17560.327148	-69.672478
17571.093750	-70.013039
17581.860352	-70.338989
17592.626953	-70.691933
17603.393555	-70.450546
17614.160156	-69.459778
17624.926758	-68.880135
17635.693359	-69.480164
17646.459961	-70.133369
17657.226562	-70.237877
17667.993164	-69.974068
17678.759766	-69.991013
17689.526367	-69.834892
17700.292969	-70.229713
17711.059570	-70.459480
17721.826172	-70.305626
17732.592773	-70.016068
17743.359375	-69.973862
17754.125977	-70.017944
17764.892578	-69.718346
17775.659180	-69.634796
17786.425781	-70.096909
17797.192383	-70.665398
17807.958984	-69.708824
17818.725586	-69.151558
17829.492188	-69.821907
17840.258789	-70.416039
17851.025391	-70.746834
17861.791992	-70.849358
17872.558594	-70.300903
17883.325195	-70.640900
17894.091797	-70.759514
17904.858398	-70.683304
17915.625000	-70.581734
17926.391602	-70.923904
17937.158203	-71.086205
17947.924805	-70.908386
17958.691406	-70.884926
17969.458008	-70.977028
17980.224609	-71.063408
17990.991211	-70.938766
18001.757812	-71.000221
18012.524414	-71.187538
18023.291016	-71.209663
18034.057617	-71.056641
18044.824219	-71.003120
18055.590820	-70.948288
18066.357422	-70.721024
18077.124023	-70.610809
18087.890625	-70.336319
18098.657227	-70.277802
18109.423828	-70.444901
18120.190430	-70.301872
18130.957031	-70.337166
18141.723633	-70.377281
18152.490234	-70.403419
18163.256836	-70.330452
18174.023438	-70.588036
18184.790039	-70.849236
18195.556641	-70.808350
18206.323242	-70.224205
18217.089844	-69.952072
18227.856445	-69.851440
18238.623047	-70.271919
18249.389648	-70.774361
18260.156250	-70.850426
18270.922852	-70.767380
18281.689453	-70.784332
18292.456055	-70.668961
18303.222656	-69.960602
18313.989258	-69.737320
18324.755859	-69.869942
18335.522461	-70.423042
18346.289062	-70.963814
18357.055664	-70.885506
18367.822266	-71.053810
18378.588867	-71.247810
18389.355469	-71.393822
18400.122070	-71.488785
18410.888672	-71.346085
18421.655273	-71.250389
18432.421875	-71.314430
18443.188477	-71.414185
18453.955078	-71.536972
18464.721680	-71.505554
18475.488281	-71.402039
18486.254883	-71.404495
18497.021484	-71.641327
18507.788086	-71.807274
18518.554688	-71.882439
18529.321289	-72.047012
18540.087891	-72.062263
18550.854492	-72.119453
18561.621094	-72.054802
18572.387695	-72.098442
18583.154297	-72.303535
18593.920898	-72.561150
18604.687500	-72.306862
18615.454102	-71.832008
18626.220703	-71.525536
18636.987305	-69.983734
18647.753906	-70.134026
18658.520508	-71.857521
18669.287109	-71.980362
18680.053711	-71.953789
18690.820312	-72.092239
18701.586914	-72.097015
18712.353516	-71.682693
18723.120117	-71.276375
18733.886719	-71.898117
18744.653320	-72.026825
18755.419922	-71.775665
18766.186523	-71.775917
18776.953125	-72.211853
18787.719727	-72.380241
18798.486328	-72.133667
18809.252930	-72.070541
18820.019531	-72.228271
18830.786133	-72.305573
18841.552734	-72.140877
18852.319336	-71.980202
18863.085938	-72.494225
18873.852539	-72.982613
18884.619141	-72.795776
18895.385742	-72.479668
18906.152344	-72.562569
18916.918945	-72.326553
18927.685547	-72.245850
18938.452148	-72.297188
18949.218750	-71.918785
18959.985352	-69.879456
18970.751953	-68.867165
18981.518555	-70.701935
18992.285156	-71.320580
19003.051758	-71.539833
19013.818359	-71.431580
19024.584961	-71.502365
19035.351562	-71.798386
19046.118164	-71.917870
19056.884766	-71.850426
19067.651367	-72.078049
19078.417969	-72.173668
19089.184570	-71.815224
19099.951172	-70.402863
19110.717773	-70.012383
19121.484375	-71.347366
19132.250977	-72.209328
19143.017578	-72.576019
19153.784180	-72.636292
19164.550781	-72.753548
19175.317383	-72.908005
19186.083984	-72.905785
19196.850586	-72.653618
19207.617188	-72.509987
19218.383789	-72.163536
19229.150391	-72.108101
19239.916992	-72.649017
19250.683594	-72.739296
19261.450195	-72.770912
19272.216797	-73.067284
19282.983398	-73.070023
19293.750000	-72.910210
19304.516602	-72.828964
19315.283203	-72.798683
19326.049805	-72.665985
19336.816406	-72.469482
19347.583008	-72.283958
19358.349609	-72.226212
19369.116211	-72.222565
19379.882812	-72.333755
19390.649414	-72.471863
19401.416016	-71.681183
19412.182617	-70.990280
19422.949219	-72.184669
19433.715820	-72.350739
19444.482422	-72.682999
19455.249023	-73.004280
19466.015625	-72.615295
19476.782227	-72.005135
19487.548828	-71.552208
19498.315430	-71.282806
19509.082031	-72.421127
19519.848633	-73.078789
19530.615234	-73.270226
19541.381836	-73.127327
19552.148438	-72.929192
19562.915039	-73.324127
19573.681641	-73.494263
19584.448242	-73.529076
19595.214844	-73.421043
19605.981445	-73.422302
19616.748047	-73.492279
19627.514648	-73.513931
19638.281250	-73.459694
19649.047852	-72.876167
19659.814453	-72.445808
19670.581055	-71.564888
19681.347656	-71.738441
19692.114258	-72.735222
19702.880859	-73.076439
19713.647461	-73.225822
19724.414062	-73.344864
19735.180664	-73.198631
19745.947266	-72.699524
19756.713867	-72.153267
19767.480469	-71.772652
19778.247070	-72.171165
19789.013672	-72.569214
19799.780273	-72.683937
19810.546875	-72.805107
19821.313477	-72.629333
19832.080078	-72.610649
19842.846680	-72.616348
19853.613281	-72.674332
19864.379883	-72.655998
19875.146484	-72.433685
19885.913086	-72.369919
19896.679688	-72.276276
19907.446289	-72.267441
19918.212891	-72.021950
19928.979492	-71.812302
19939.746094	-72.485664
19950.512695	-73.252159
19961.279297	-73.410828
19972.045898	-73.087631
19982.812500	-72.992271
19993.579102	-73.044464
20004.345703	-73.388260
20015.112305	-73.352058
20025.878906	-73.287422
20036.645508	-73.339775
20047.412109	-73.325546
20058.178711	-73.306862
20068.945312	-73.288620
20079.711914	-73.257713
20090.478516	-73.176170
20101.245117	-73.194702
20112.011719	-73.258667
20122.778320	-73.323212
20133.544922	-73.161484
20144.311523	-72.951988
20155.078125	-73.073547
20165.844727	-72.562347
20176.611328	-71.731163
20187.377930	-72.778793
20198.144531	-73.359680
20208.911133	-73.284210
20219.677734	-73.472351
20230.444336	-73.457520
20241.210938	-73.259171
20251.977539	-73.322845
20262.744141	-73.144310
20273.510742	-73.075371
20284.277344	-73.241417
20295.043945	-73.094017
20305.810547	-72.753235
20316.577148	-72.363174
20327.343750	-71.782394
20338.110352	-71.881821
20348.876953	-72.385071
20359.643555	-72.945755
20370.410156	-72.921272
20381.176758	-72.877556
20391.943359	-72.596451
20402.709961	-71.579178
20413.476562	-72.315247
20424.243164	-73.294113
20435.009766	-73.691521
20445.776367	-73.303825
20456.542969	-73.417351
20467.309570	-73.900612
20478.076172	-74.169243
20488.842773	-74.162445
20499.609375	-74.205269
20510.375977	-74.121361
20521.142578	-73.562401
20531.909180	-73.474213
20542.675781	-73.379456
20553.442383	-73.011047
20564.208984	-73.132126
20574.975586	-73.346497
20585.742188	-73.605400
20596.508789	-74.100922
20607.275391	-74.074799
20618.041992	-73.849167
20628.808594	-73.796143
20639.575195	-74.402672
20650.341797	-74.624428
20661.108398	-74.383797
20671.875000	-74.443962
20682.641602	-74.379761
20693.408203	-74.412247
20704.174805	-74.763313
20714.941406	-75.155258
20725.708008	-75.286430
20736.474609	-75.157951
20747.241211	-75.011971
20758.007812	-74.850883
20768.774414	-74.920670
20779.541016	-74.105202
20790.307617	-73.853127
20801.074219	-74.791290
20811.840820	-75.188766
20822.607422	-75.074753
20833.374023	-75.310722
20844.140625	-75.650436
20854.907227	-75.945137
20865.673828	-76.508728
20876.440430	-76.925194
20887.207031	-77.326385
20897.973633	-77.650337
20908.740234	-77.953316
20919.506836	-78.044907
20930.273438	-78.074165
20941.040039	-78.131744
20951.806641	-78.225861
20962.573242	-78.739059
20973.339844	-79.111496
20984.106445	-79.150032
20994.873047	-79.292519
21005.639648	-79.688110
21016.406250	-79.426529
21027.172852	-79.730110
21037.939453	-80.288803
21048.706055	-80.661545
21059.472656	-81.131470
21070.239258	-81.705521
21081.005859	-82.068771
21091.772461	-82.240379
21102.539062	-82.512344
21113.305664	-82.816887
21124.072266	-83.338699
21134.838867	-84.012917
21145.605469	-84.333725
21156.372070	-84.338081
21167.138672	-84.356895
21177.905273	-84.976059
21188.671875	-85.345436
21199.438477	-85.904396
21210.205078	-86.652596
21220.971680	-87.441284
21231.738281	-88.153275
21242.504883	-88.641922
21253.271484	-89.102783
21264.038086	-89.581802
21274.804688	-90.250244
21285.571289	-90.771851
21296.337891	-90.586746
21307.104492	-89.758598
21317.871094	-91.151390
21328.637695	-93.373795
21339.404297	-94.400169
21350.170898	-95.251045
21360.937500	-96.300568
21371.704102	-97.164520
21382.470703	-97.871323
21393.237305	-98.754639
21404.003906	-99.677917
21414.770508	-100.573570
21425.537109	-101.462936
21436.303711	-102.303337
21447.070312	-103.095490
21457.836914	-104.066269
21468.603516	-105.203087
21479.370117	-106.160942
21490.136719	-107.188667
21500.903320	-108.157326
21511.669922	-109.234413
21522.436523	-110.352707
21533.203125	-111.476730
21543.969727	-112.566238
21554.736328	-113.434074
21565.502930	-114.285759
21576.269531	-115.265839
21587.036133	-116.184242
21597.802734	-117.349487
21608.569336	-119.115623
21619.335938	-120.837311
21630.102539	-122.564301
21640.869141	-124.164894
21651.635742	-125.670570
21662.402344	-127.164085
21673.168945	-128.405014
21683.935547	-129.607544
21694.702148	-131.245422
21705.468750	-133.025711
21716.235352	-134.782806
21727.001953	-136.724777
21737.768555	-138.898438
21748.535156	-141.210983
21759.301758	-143.347244
21770.068359	-145.361465
21780.834961	-147.184860
21791.601562	-148.891342
21802.368164	-150.942795
21813.134766	-153.340912
21823.901367	-155.738373
21834.667969	-158.035751
21845.434570	-160.027405
21856.201172	-161.027206
21866.967773	-163.152893
21877.734375	-164.419724
21888.500977	-165.964828
21899.267578	-167.560089
21910.034180	-169.495346
21920.800781	-170.934540
21931.567383	-170.483292
21942.333984	-167.472702
21953.100586	-166.259399
21963.867188	-169.630341
21974.633789	-171.505524
21985.400391	-172.842407
21996.166992	-177.453171
22006.933594	-181.495453
22017.700195	-182.641586
22028.466797	-181.022705
22039.233398	-179.701904
