0.00	nan
5.86	-79.46
11.72	-79.42
17.58	-79.17
23.44	-79.30
29.30	-79.04
35.16	-79.23
41.02	-79.43
46.88	-79.83
52.73	-79.55
58.59	-79.24
64.45	-79.63
70.31	-79.59
76.17	-79.64
82.03	-79.28
87.89	-79.16
93.75	-79.48
99.61	-79.72
105.47	-79.49
111.33	-79.49
117.19	-79.38
123.05	-79.28
128.91	-79.35
134.77	-79.75
140.62	-79.63
146.48	-79.32
152.34	-79.20
158.20	-79.21
164.06	-79.45
169.92	-79.45
175.78	-79.61
181.64	-79.41
187.50	-79.40
193.36	-79.61
199.22	-79.49
205.08	-79.93
210.94	-79.68
216.80	-79.50
222.66	-79.41
228.52	-79.43
234.38	-79.80
240.23	-79.63
246.09	-79.76
251.95	-79.84
257.81	-79.28
263.67	-79.63
269.53	-79.27
275.39	-77.42
281.25	-73.03
287.11	-63.05
292.97	-39.01
298.83	-30.23
304.69	-33.75
310.55	-56.61
316.41	-69.81
322.27	-76.30
328.12	-78.22
333.98	-79.12
339.84	-79.09
345.70	-79.25
351.56	-79.55
357.42	-79.94
363.28	-79.94
369.14	-79.28
375.00	-79.49
380.86	-79.70
386.72	-79.80
392.58	-80.13
398.44	-79.85
404.30	-79.66
410.16	-79.52
416.02	-79.64
421.88	-79.64
427.73	-79.69
433.59	-79.33
439.45	-79.14
445.31	-79.45
451.17	-79.76
457.03	-79.97
462.89	-79.68
468.75	-79.52
474.61	-79.43
480.47	-79.30
486.33	-79.37
492.19	-79.28
498.05	-79.21
503.91	-79.08
509.77	-79.32
515.62	-79.53
521.48	-79.41
527.34	-79.55
533.20	-79.55
539.06	-79.49
544.92	-79.66
550.78	-79.96
556.64	-80.05
562.50	-79.67
568.36	-79.64
574.22	-79.93
580.08	-80.17
585.94	-79.61
591.80	-79.58
597.66	-79.80
603.52	-79.27
609.38	-79.21
615.23	-79.64
621.09	-79.48
626.95	-79.36
632.81	-79.16
638.67	-79.54
644.53	-79.18
650.39	-79.35
656.25	-79.44
662.11	-79.47
667.97	-79.19
673.83	-79.04
679.69	-79.35
685.55	-79.47
691.41	-79.40
697.27	-79.25
703.12	-79.25
708.98	-79.26
714.84	-79.23
720.70	-79.19
726.56	-79.50
732.42	-79.59
738.28	-79.64
744.14	-79.78
750.00	-79.60
755.86	-79.83
761.72	-79.74
767.58	-79.27
773.44	-79.56
779.30	-79.23
785.16	-78.97
791.02	-79.68
796.88	-79.34
802.73	-79.14
808.59	-79.33
814.45	-79.20
820.31	-78.97
826.17	-78.51
832.03	-78.19
837.89	-77.45
843.75	-76.40
849.61	-74.64
855.47	-72.29
861.33	-68.94
867.19	-64.88
873.05	-59.66
878.91	-53.05
884.77	-43.89
890.62	-28.32
896.48	-12.07
902.34	-10.91
908.20	-22.95
914.06	-41.53
919.92	-51.48
925.78	-58.48
931.64	-63.95
937.50	-68.09
943.36	-71.56
949.22	-74.26
955.08	-75.59
960.94	-77.19
966.80	-77.81
972.66	-78.71
978.52	-79.07
984.38	-79.33
990.23	-79.34
996.09	-79.69
1001.95	-79.18
1007.81	-79.29
1013.67	-79.60
1019.53	-79.52
1025.39	-79.51
1031.25	-79.52
1037.11	-79.06
1042.97	-79.02
1048.83	-79.24
1054.69	-79.47
1060.55	-79.45
1066.41	-79.84
1072.27	-79.97
1078.12	-80.01
1083.98	-79.78
1089.84	-79.30
1095.70	-79.25
1101.56	-79.72
1107.42	-79.65
1113.28	-79.47
1119.14	-79.71
1125.00	-79.53
1130.86	-79.22
1136.72	-79.46
1142.58	-79.53
1148.44	-79.44
1154.30	-79.60
1160.16	-79.51
1166.02	-79.76
1171.88	-79.16
1177.73	-79.19
1183.59	-79.83
1189.45	-79.71
1195.31	-79.68
1201.17	-78.95
1207.03	-79.32
1212.89	-79.61
1218.75	-79.72
1224.61	-79.72
1230.47	-79.34
1236.33	-79.61
1242.19	-79.71
1248.05	-79.56
1253.91	-79.70
1259.77	-79.73
1265.62	-79.66
1271.48	-79.44
1277.34	-79.10
1283.20	-79.48
1289.06	-79.36
1294.92	-79.38
1300.78	-79.33
1306.64	-79.48
1312.50	-79.54
1318.36	-79.82
1324.22	-79.79
1330.08	-79.78
1335.94	-79.76
1341.80	-79.76
1347.66	-79.49
1353.52	-79.30
1359.38	-79.60
1365.23	-79.98
1371.09	-79.48
1376.95	-79.44
1382.81	-79.80
1388.67	-79.62
1394.53	-79.51
1400.39	-79.46
1406.25	-79.19
1412.11	-79.55
1417.97	-79.29
1423.83	-79.34
1429.69	-79.47
1435.55	-79.64
1441.41	-80.04
1447.27	-79.62
1453.12	-79.62
1458.98	-79.51
1464.84	-79.44
1470.70	-79.26
1476.56	-79.64
1482.42	-79.82
1488.28	-79.59
1494.14	-79.38
1500.00	-79.60
1505.86	-79.62
1511.72	-79.22
1517.58	-79.47
1523.44	-79.55
1529.30	-80.10
1535.16	-79.91
1541.02	-79.70
1546.88	-79.63
1552.73	-79.76
1558.59	-79.75
1564.45	-79.85
1570.31	-79.64
1576.17	-79.49
1582.03	-79.62
1587.89	-79.50
1593.75	-79.52
1599.61	-79.44
1605.47	-79.34
1611.33	-79.26
1617.19	-79.31
1623.05	-79.61
1628.91	-79.42
1634.77	-79.06
1640.62	-79.72
1646.48	-79.79
1652.34	-79.62
1658.20	-79.98
1664.06	-79.78
1669.92	-79.66
1675.78	-79.56
1681.64	-79.74
1687.50	-79.92
1693.36	-79.86
1699.22	-79.37
1705.08	-79.17
1710.94	-79.42
1716.80	-79.24
1722.66	-79.55
1728.52	-79.51
1734.38	-79.26
1740.23	-79.51
1746.09	-79.54
1751.95	-79.57
1757.81	-79.53
1763.67	-79.40
1769.53	-79.44
1775.39	-79.56
1781.25	-79.87
1787.11	-79.94
1792.97	-79.74
1798.83	-79.44
1804.69	-79.48
1810.55	-79.52
1816.41	-79.24
1822.27	-79.35
1828.12	-79.40
1833.98	-79.19
1839.84	-79.45
1845.70	-80.15
1851.56	-79.74
1857.42	-79.70
1863.28	-79.81
1869.14	-79.82
1875.00	-79.62
1880.86	-79.27
1886.72	-79.36
1892.58	-79.48
1898.44	-79.85
1904.30	-79.94
1910.16	-79.80
1916.02	-79.90
1921.88	-79.80
1927.73	-79.64
1933.59	-79.37
1939.45	-79.32
1945.31	-79.58
1951.17	-79.98
1957.03	-79.69
1962.89	-79.31
1968.75	-79.75
1974.61	-79.67
1980.47	-79.44
1986.33	-79.41
1992.19	-79.21
1998.05	-78.90
2003.91	-79.28
2009.77	-79.31
2015.62	-79.92
2021.48	-79.84
2027.34	-79.56
2033.20	-79.31
2039.06	-79.52
2044.92	-79.68
2050.78	-80.07
2056.64	-80.04
2062.50	-79.54
2068.36	-79.67
2074.22	-79.35
2080.08	-79.11
2085.94	-79.47
2091.80	-79.69
2097.66	-79.72
2103.52	-79.27
2109.38	-79.51
2115.23	-79.72
2121.09	-79.59
2126.95	-79.40
2132.81	-79.60
2138.67	-79.66
2144.53	-79.30
2150.39	-79.54
2156.25	-79.34
2162.11	-79.50
2167.97	-79.81
2173.83	-79.60
2179.69	-79.53
2185.55	-79.75
2191.41	-79.87
2197.27	-79.74
2203.12	-79.38
2208.98	-79.33
2214.84	-79.29
2220.70	-79.50
2226.56	-79.40
2232.42	-79.73
2238.28	-79.87
2244.14	-79.96
2250.00	-79.86
2255.86	-79.61
2261.72	-79.76
2267.58	-79.56
2273.44	-79.19
2279.30	-79.51
2285.16	-79.32
2291.02	-79.38
2296.88	-79.65
2302.73	-79.28
2308.59	-79.22
2314.45	-79.13
2320.31	-79.18
2326.17	-79.43
2332.03	-79.54
2337.89	-79.52
2343.75	-79.63
2349.61	-79.52
2355.47	-79.44
2361.33	-79.74
2367.19	-79.30
2373.05	-79.39
2378.91	-79.56
2384.77	-79.58
2390.62	-79.65
2396.48	-79.93
2402.34	-79.48
2408.20	-79.45
2414.06	-79.35
2419.92	-79.28
2425.78	-79.28
2431.64	-79.50
2437.50	-79.69
2443.36	-79.60
2449.22	-79.64
2455.08	-79.43
2460.94	-79.28
2466.80	-79.43
2472.66	-79.48
2478.52	-79.48
2484.38	-79.64
2490.23	-79.43
2496.09	-79.15
2501.95	-79.27
2507.81	-79.51
2513.67	-79.55
2519.53	-79.94
2525.39	-79.73
2531.25	-79.77
2537.11	-79.89
2542.97	-79.73
2548.83	-79.58
2554.69	-79.84
2560.55	-79.34
2566.41	-79.32
2572.27	-79.53
2578.12	-79.50
2583.98	-79.64
2589.84	-79.18
2595.70	-79.10
2601.56	-79.42
2607.42	-79.59
2613.28	-79.84
2619.14	-79.81
2625.00	-79.63
2630.86	-79.36
2636.72	-79.39
2642.58	-79.63
2648.44	-79.45
2654.30	-79.33
2660.16	-79.66
2666.02	-79.31
2671.88	-79.33
2677.73	-78.98
2683.59	-78.91
2689.45	-79.66
2695.31	-79.78
2701.17	-79.70
2707.03	-79.65
2712.89	-79.60
2718.75	-79.26
2724.61	-79.05
2730.47	-79.23
2736.33	-79.70
2742.19	-79.57
2748.05	-79.46
2753.91	-79.72
2759.77	-79.92
2765.62	-79.79
2771.48	-79.67
2777.34	-79.58
2783.20	-79.34
2789.06	-79.70
2794.92	-79.38
2800.78	-79.48
2806.64	-79.52
2812.50	-79.76
2818.36	-80.02
2824.22	-79.51
2830.08	-79.53
2835.94	-79.59
2841.80	-79.45
2847.66	-79.65
2853.52	-79.65
2859.38	-79.42
2865.23	-79.25
2871.09	-79.22
2876.95	-79.06
2882.81	-79.10
2888.67	-79.27
2894.53	-79.42
2900.39	-79.38
2906.25	-79.66
2912.11	-79.32
2917.97	-79.46
2923.83	-79.59
2929.69	-79.34
2935.55	-79.12
2941.41	-79.50
2947.27	-79.41
2953.12	-79.23
2958.98	-79.41
2964.84	-79.53
2970.70	-79.59
2976.56	-79.14
2982.42	-79.07
2988.28	-79.36
2994.14	-79.33
3000.00	-79.50
3005.86	-79.49
3011.72	-79.42
3017.58	-79.85
3023.44	-79.74
3029.30	-79.45
3035.16	-79.32
3041.02	-79.45
3046.88	-79.27
3052.73	-79.27
3058.59	-79.41
3064.45	-79.50
3070.31	-79.55
3076.17	-79.81
3082.03	-80.10
3087.89	-79.61
3093.75	-79.51
3099.61	-79.53
3105.47	-79.29
3111.33	-79.50
3117.19	-79.59
3123.05	-79.77
3128.91	-79.83
3134.77	-79.81
3140.62	-79.94
3146.48	-80.10
3152.34	-79.81
3158.20	-79.62
3164.06	-79.39
3169.92	-79.56
3175.78	-79.61
3181.64	-79.74
3187.50	-79.66
3193.36	-79.55
3199.22	-79.60
3205.08	-79.63
3210.94	-79.58
3216.80	-79.75
3222.66	-79.95
3228.52	-79.58
3234.38	-79.54
3240.23	-79.80
3246.09	-79.68
3251.95	-79.69
3257.81	-79.64
3263.67	-79.42
3269.53	-79.53
3275.39	-79.48
3281.25	-79.47
3287.11	-79.83
3292.97	-79.55
3298.83	-79.23
3304.69	-79.87
3310.55	-79.80
3316.41	-79.68
3322.27	-79.80
3328.12	-80.05
3333.98	-79.20
3339.84	-79.19
3345.70	-79.52
3351.56	-79.35
3357.42	-79.81
3363.28	-79.63
3369.14	-79.11
3375.00	-79.38
3380.86	-79.10
3386.72	-79.20
3392.58	-79.62
3398.44	-79.75
3404.30	-79.60
3410.16	-79.54
3416.02	-79.33
3421.88	-79.77
3427.73	-79.82
3433.59	-79.58
3439.45	-79.15
3445.31	-79.30
3451.17	-79.58
3457.03	-79.76
3462.89	-80.03
3468.75	-80.00
3474.61	-79.73
3480.47	-79.28
3486.33	-79.34
3492.19	-79.43
3498.05	-79.89
3503.91	-80.42
3509.77	-79.91
3515.62	-79.32
3521.48	-79.83
3527.34	-80.01
3533.20	-79.28
3539.06	-79.34
3544.92	-79.67
3550.78	-79.36
3556.64	-79.49
3562.50	-79.82
3568.36	-79.88
3574.22	-79.16
3580.08	-79.21
3585.94	-79.34
3591.80	-79.41
3597.66	-79.60
3603.52	-79.36
3609.38	-79.55
3615.23	-79.84
3621.09	-79.83
3626.95	-79.59
3632.81	-79.62
3638.67	-79.66
3644.53	-79.33
3650.39	-79.65
3656.25	-79.88
3662.11	-79.52
3667.97	-79.49
3673.83	-79.67
3679.69	-79.36
3685.55	-79.67
3691.41	-79.52
3697.27	-79.55
3703.12	-79.10
3708.98	-79.72
3714.84	-79.82
3720.70	-79.47
3726.56	-79.78
3732.42	-79.77
3738.28	-79.76
3744.14	-79.41
3750.00	-79.55
3755.86	-79.41
3761.72	-79.86
3767.58	-79.96
3773.44	-79.71
3779.30	-79.80
3785.16	-79.66
3791.02	-79.62
3796.88	-79.54
3802.73	-79.39
3808.59	-79.24
3814.45	-79.47
3820.31	-79.65
3826.17	-79.61
3832.03	-79.53
3837.89	-79.28
3843.75	-79.40
3849.61	-79.76
3855.47	-79.74
3861.33	-79.63
3867.19	-79.69
3873.05	-79.72
3878.91	-79.61
3884.77	-79.58
3890.62	-79.66
3896.48	-79.88
3902.34	-79.66
3908.20	-79.47
3914.06	-79.41
3919.92	-79.46
3925.78	-79.24
3931.64	-79.54
3937.50	-79.53
3943.36	-79.45
3949.22	-79.68
3955.08	-79.75
3960.94	-79.69
3966.80	-79.51
3972.66	-79.47
3978.52	-79.65
3984.38	-79.37
3990.23	-79.45
3996.09	-79.58
4001.95	-79.69
4007.81	-79.04
4013.67	-79.13
4019.53	-79.73
4025.39	-79.53
4031.25	-79.31
4037.11	-79.62
4042.97	-79.92
4048.83	-79.69
4054.69	-79.70
4060.55	-79.69
4066.41	-79.92
4072.27	-80.12
4078.12	-79.67
4083.98	-79.63
4089.84	-79.72
4095.70	-79.63
4101.56	-79.59
4107.42	-79.51
4113.28	-79.44
4119.14	-79.46
4125.00	-79.58
4130.86	-79.75
4136.72	-79.28
4142.58	-79.53
4148.44	-80.27
4154.30	-80.41
4160.16	-79.86
4166.02	-79.87
4171.88	-79.82
4177.73	-79.21
4183.59	-79.46
4189.45	-79.33
4195.31	-79.40
4201.17	-79.41
4207.03	-79.13
4212.89	-79.37
4218.75	-79.41
4224.61	-79.56
4230.47	-79.55
4236.33	-79.52
4242.19	-79.59
4248.05	-79.22
4253.91	-79.41
4259.77	-79.26
4265.62	-79.53
4271.48	-79.87
4277.34	-79.69
4283.20	-79.68
4289.06	-79.41
4294.92	-79.43
4300.78	-79.63
4306.64	-79.51
4312.50	-79.54
4318.36	-79.55
4324.22	-79.11
4330.08	-79.30
4335.94	-79.36
4341.80	-79.62
4347.66	-79.48
4353.52	-79.41
4359.38	-79.82
4365.23	-79.60
4371.09	-79.06
4376.95	-79.44
4382.81	-79.40
4388.67	-79.53
4394.53	-79.61
4400.39	-79.76
4406.25	-79.76
4412.11	-79.75
4417.97	-79.59
4423.83	-79.99
4429.69	-79.62
4435.55	-79.34
4441.41	-79.74
4447.27	-79.78
4453.12	-79.59
4458.98	-79.35
4464.84	-79.48
4470.70	-79.58
4476.56	-79.71
4482.42	-79.74
4488.28	-79.47
4494.14	-79.47
4500.00	-79.60
4505.86	-79.69
4511.72	-79.98
4517.58	-79.79
4523.44	-79.49
4529.30	-79.67
4535.16	-79.71
4541.02	-79.38
4546.88	-79.19
4552.73	-79.43
4558.59	-79.70
4564.45	-79.54
4570.31	-79.45
4576.17	-79.35
4582.03	-79.60
4587.89	-79.65
4593.75	-79.46
4599.61	-79.41
4605.47	-79.20
4611.33	-79.38
4617.19	-79.54
4623.05	-79.57
4628.91	-79.72
4634.77	-79.38
4640.62	-79.71
4646.48	-79.42
4652.34	-79.49
4658.20	-79.48
4664.06	-79.26
4669.92	-79.29
4675.78	-79.42
4681.64	-79.69
4687.50	-79.60
4693.36	-79.45
4699.22	-79.32
4705.08	-79.38
4710.94	-79.64
4716.80	-79.54
4722.66	-79.36
4728.52	-79.43
4734.38	-79.54
4740.23	-79.87
4746.09	-79.70
4751.95	-79.45
4757.81	-79.37
4763.67	-79.09
4769.53	-79.46
4775.39	-79.41
4781.25	-79.24
4787.11	-79.44
4792.97	-79.67
4798.83	-79.64
4804.69	-79.57
4810.55	-79.42
4816.41	-79.88
4822.27	-80.32
4828.12	-79.52
4833.98	-79.43
4839.84	-79.38
4845.70	-79.27
4851.56	-79.48
4857.42	-79.48
4863.28	-79.42
4869.14	-79.55
4875.00	-79.93
4880.86	-79.53
4886.72	-79.85
4892.58	-79.88
4898.44	-79.88
4904.30	-79.62
4910.16	-79.68
4916.02	-79.77
4921.88	-79.95
4927.73	-79.83
4933.59	-79.22
4939.45	-79.12
4945.31	-79.38
4951.17	-79.45
4957.03	-79.13
4962.89	-79.39
4968.75	-79.60
4974.61	-79.27
4980.47	-79.40
4986.33	-79.51
4992.19	-79.38
4998.05	-79.23
5003.91	-79.24
5009.77	-79.16
5015.62	-79.18
5021.48	-79.43
5027.34	-79.64
5033.20	-79.69
5039.06	-79.67
5044.92	-79.57
5050.78	-79.71
5056.64	-79.71
5062.50	-79.52
5068.36	-79.63
5074.22	-79.83
5080.08	-79.63
5085.94	-79.42
5091.80	-79.25
5097.66	-79.69
5103.52	-79.57
5109.38	-79.73
5115.23	-79.86
5121.09	-79.78
5126.95	-79.48
5132.81	-80.01
5138.67	-80.27
5144.53	-79.89
5150.39	-79.20
5156.25	-79.16
5162.11	-79.66
5167.97	-79.73
5173.83	-79.97
5179.69	-80.07
5185.55	-79.65
5191.41	-79.24
5197.27	-79.13
5203.12	-79.78
5208.98	-79.43
5214.84	-79.27
5220.70	-79.55
5226.56	-79.23
5232.42	-78.91
5238.28	-79.22
5244.14	-79.49
5250.00	-79.75
5255.86	-79.60
5261.72	-79.70
5267.58	-79.55
5273.44	-79.72
5279.30	-80.11
5285.16	-80.13
5291.02	-79.55
5296.88	-79.30
5302.73	-79.44
5308.59	-79.51
5314.45	-79.42
5320.31	-79.77
5326.17	-79.68
5332.03	-79.29
5337.89	-79.15
5343.75	-79.64
5349.61	-79.56
5355.47	-79.46
5361.33	-79.41
5367.19	-79.69
5373.05	-79.10
5378.91	-79.11
5384.77	-79.34
5390.62	-79.35
5396.48	-79.22
5402.34	-78.80
5408.20	-79.12
5414.06	-79.32
5419.92	-79.08
5425.78	-79.46
5431.64	-79.66
5437.50	-79.79
5443.36	-79.17
5449.22	-79.21
5455.08	-79.35
5460.94	-79.11
5466.80	-79.21
5472.66	-79.27
5478.52	-79.53
5484.38	-79.17
5490.23	-79.20
5496.09	-79.48
5501.95	-79.60
5507.81	-79.39
5513.67	-79.79
5519.53	-79.64
5525.39	-79.62
5531.25	-79.65
5537.11	-79.72
5542.97	-79.82
5548.83	-79.51
5554.69	-79.31
5560.55	-79.71
5566.41	-79.75
5572.27	-79.42
5578.12	-79.01
5583.98	-79.14
5589.84	-79.18
5595.70	-79.49
5601.56	-79.68
5607.42	-79.44
5613.28	-79.38
5619.14	-79.40
5625.00	-79.52
5630.86	-79.98
5636.72	-79.81
5642.58	-79.68
5648.44	-79.90
5654.30	-79.99
5660.16	-79.53
5666.02	-79.48
5671.88	-79.79
5677.73	-79.77
5683.59	-79.85
5689.45	-79.58
5695.31	-79.37
5701.17	-79.52
5707.03	-79.58
5712.89	-79.36
5718.75	-79.26
5724.61	-79.56
5730.47	-79.68
5736.33	-79.60
5742.19	-79.53
5748.05	-79.72
5753.91	-79.66
5759.77	-79.79
5765.62	-79.45
5771.48	-79.43
5777.34	-79.47
5783.20	-79.17
5789.06	-79.20
5794.92	-79.45
5800.78	-79.56
5806.64	-79.33
5812.50	-79.11
5818.36	-79.38
5824.22	-79.69
5830.08	-79.94
5835.94	-79.65
5841.80	-79.73
5847.66	-79.72
5853.52	-79.76
5859.38	-79.19
5865.23	-79.61
5871.09	-79.99
5876.95	-79.95
5882.81	-79.33
5888.67	-79.30
5894.53	-79.77
5900.39	-79.58
5906.25	-79.52
5912.11	-79.79
5917.97	-79.37
5923.83	-79.32
5929.69	-79.26
5935.55	-79.21
5941.41	-79.50
5947.27	-79.62
5953.12	-79.64
5958.98	-79.22
5964.84	-79.40
5970.70	-79.55
5976.56	-79.39
5982.42	-79.31
5988.28	-79.43
5994.14	-79.64
6000.00	-79.94
6005.86	-79.52
6011.72	-79.42
6017.58	-79.42
6023.44	-79.56
6029.30	-79.73
6035.16	-79.39
6041.02	-79.39
6046.88	-79.48
6052.73	-79.32
6058.59	-79.41
6064.45	-79.76
6070.31	-79.33
6076.17	-79.33
6082.03	-79.50
6087.89	-79.42
6093.75	-79.49
6099.61	-79.60
6105.47	-79.19
6111.33	-79.37
6117.19	-79.81
6123.05	-79.46
6128.91	-79.50
6134.77	-79.70
6140.62	-79.93
6146.48	-79.75
6152.34	-79.91
6158.20	-79.81
6164.06	-79.46
6169.92	-79.46
6175.78	-79.70
6181.64	-79.20
6187.50	-79.53
6193.36	-79.39
6199.22	-79.50
6205.08	-79.38
6210.94	-79.08
6216.80	-79.24
6222.66	-79.64
6228.52	-79.68
6234.38	-79.87
6240.23	-79.97
6246.09	-80.08
6251.95	-80.02
6257.81	-79.88
6263.67	-79.46
6269.53	-79.67
6275.39	-79.52
6281.25	-79.55
6287.11	-79.55
6292.97	-79.49
6298.83	-79.73
6304.69	-79.73
6310.55	-79.32
6316.41	-79.57
6322.27	-79.88
6328.12	-79.41
6333.98	-79.36
6339.84	-79.35
6345.70	-79.69
6351.56	-79.22
6357.42	-79.28
6363.28	-79.42
6369.14	-79.59
6375.00	-79.75
6380.86	-79.58
6386.72	-79.74
6392.58	-79.31
6398.44	-79.58
6404.30	-79.79
6410.16	-79.67
6416.02	-79.58
6421.88	-79.59
6427.73	-79.82
6433.59	-79.66
6439.45	-79.63
6445.31	-79.54
6451.17	-79.51
6457.03	-79.67
6462.89	-79.34
6468.75	-79.41
6474.61	-79.46
6480.47	-79.62
6486.33	-79.54
6492.19	-79.63
6498.05	-79.51
6503.91	-79.52
6509.77	-79.49
6515.62	-79.43
6521.48	-79.70
6527.34	-79.76
6533.20	-79.25
6539.06	-79.36
6544.92	-79.69
6550.78	-79.52
6556.64	-79.07
6562.50	-78.95
6568.36	-79.54
6574.22	-79.61
6580.08	-79.35
6585.94	-79.70
6591.80	-79.83
6597.66	-79.61
6603.52	-79.09
6609.38	-79.50
6615.23	-79.86
6621.09	-79.65
6626.95	-79.58
6632.81	-80.15
6638.67	-80.02
6644.53	-79.84
6650.39	-79.46
6656.25	-79.51
6662.11	-79.79
6667.97	-79.83
6673.83	-79.93
6679.69	-79.60
6685.55	-79.52
6691.41	-79.67
6697.27	-79.73
6703.12	-80.09
6708.98	-79.70
6714.84	-79.00
6720.70	-79.30
6726.56	-79.40
6732.42	-79.17
6738.28	-79.57
6744.14	-79.52
6750.00	-79.07
6755.86	-79.01
6761.72	-79.55
6767.58	-79.32
6773.44	-79.19
6779.30	-79.32
6785.16	-79.51
6791.02	-79.70
6796.88	-79.31
6802.73	-79.35
6808.59	-79.68
6814.45	-79.77
6820.31	-79.31
6826.17	-79.51
6832.03	-79.73
6837.89	-79.93
6843.75	-80.03
6849.61	-79.72
6855.47	-79.72
6861.33	-80.04
6867.19	-79.82
6873.05	-79.36
6878.91	-79.65
6884.77	-79.48
6890.62	-79.83
6896.48	-79.72
6902.34	-79.24
6908.20	-79.40
6914.06	-79.49
6919.92	-79.39
6925.78	-79.43
6931.64	-79.74
6937.50	-79.42
6943.36	-78.96
6949.22	-79.74
6955.08	-79.80
6960.94	-79.13
6966.80	-79.24
6972.66	-79.65
6978.52	-79.40
6984.38	-79.61
6990.23	-79.39
6996.09	-79.24
7001.95	-79.56
7007.81	-79.52
7013.67	-79.38
7019.53	-79.55
7025.39	-79.52
7031.25	-79.39
7037.11	-79.76
7042.97	-80.09
7048.83	-79.62
7054.69	-79.62
7060.55	-79.43
7066.41	-79.28
7072.27	-79.55
7078.12	-79.65
7083.98	-79.75
7089.84	-79.63
7095.70	-79.49
7101.56	-79.42
7107.42	-79.48
7113.28	-79.37
7119.14	-79.18
7125.00	-79.12
7130.86	-79.16
7136.72	-79.42
7142.58	-79.57
7148.44	-79.28
7154.30	-79.60
7160.16	-79.93
7166.02	-79.88
7171.88	-79.78
7177.73	-79.47
7183.59	-79.83
7189.45	-79.81
7195.31	-79.55
7201.17	-79.17
7207.03	-79.45
7212.89	-79.69
7218.75	-79.57
7224.61	-79.68
7230.47	-80.04
7236.33	-79.60
7242.19	-79.67
7248.05	-79.85
7253.91	-79.99
7259.77	-79.36
7265.62	-79.45
7271.48	-79.44
7277.34	-79.05
7283.20	-79.41
7289.06	-79.35
7294.92	-79.37
7300.78	-79.33
7306.64	-79.49
7312.50	-79.29
7318.36	-79.32
7324.22	-79.46
7330.08	-79.16
7335.94	-79.06
7341.80	-79.24
7347.66	-79.87
7353.52	-80.02
7359.38	-79.91
7365.23	-79.55
7371.09	-79.59
7376.95	-79.77
7382.81	-79.63
7388.67	-79.27
7394.53	-79.31
7400.39	-79.05
7406.25	-79.46
7412.11	-79.33
7417.97	-79.68
7423.83	-79.68
7429.69	-79.67
7435.55	-79.89
7441.41	-79.59
7447.27	-79.62
7453.12	-80.00
7458.98	-79.81
7464.84	-79.54
7470.70	-79.44
7476.56	-79.97
7482.42	-80.07
7488.28	-79.59
7494.14	-79.46
7500.00	-79.70
7505.86	-79.65
7511.72	-79.70
7517.58	-79.36
7523.44	-79.43
7529.30	-79.62
7535.16	-79.73
7541.02	-79.85
7546.88	-79.48
7552.73	-79.44
7558.59	-79.50
7564.45	-79.24
7570.31	-79.28
7576.17	-79.54
7582.03	-79.89
7587.89	-79.84
7593.75	-79.47
7599.61	-79.38
7605.47	-79.50
7611.33	-79.79
7617.19	-79.68
7623.05	-79.61
7628.91	-79.84
7634.77	-79.72
7640.62	-79.51
7646.48	-79.06
7652.34	-79.34
7658.20	-79.13
7664.06	-79.42
7669.92	-79.62
7675.78	-79.54
7681.64	-79.83
7687.50	-79.61
7693.36	-79.15
7699.22	-79.21
7705.08	-79.57
7710.94	-79.64
7716.80	-79.49
7722.66	-79.01
7728.52	-79.01
7734.38	-79.29
7740.23	-79.43
7746.09	-79.21
7751.95	-79.69
7757.81	-79.49
7763.67	-79.48
7769.53	-79.81
7775.39	-79.74
7781.25	-79.52
7787.11	-79.65
7792.97	-79.73
7798.83	-79.84
7804.69	-79.54
7810.55	-79.46
7816.41	-79.47
7822.27	-79.20
7828.12	-79.08
7833.98	-79.14
7839.84	-79.61
7845.70	-79.61
7851.56	-79.25
7857.42	-79.35
7863.28	-79.87
7869.14	-80.13
7875.00	-80.12
7880.86	-79.59
7886.72	-79.56
7892.58	-79.65
7898.44	-79.22
7904.30	-79.29
7910.16	-79.68
7916.02	-79.57
7921.88	-79.49
7927.73	-79.46
7933.59	-79.29
7939.45	-79.27
7945.31	-79.41
7951.17	-79.59
7957.03	-79.58
7962.89	-79.75
7968.75	-79.79
7974.61	-79.73
7980.47	-79.76
7986.33	-79.69
7992.19	-79.31
7998.05	-79.05
8003.91	-79.08
8009.77	-79.32
8015.62	-79.33
8021.48	-79.35
8027.34	-79.56
8033.20	-79.33
8039.06	-79.25
8044.92	-79.13
8050.78	-79.76
8056.64	-79.66
8062.50	-79.26
8068.36	-79.16
8074.22	-79.70
8080.08	-79.73
8085.94	-79.58
8091.80	-79.69
8097.66	-79.55
8103.52	-79.37
8109.38	-79.55
8115.23	-79.84
8121.09	-79.77
8126.95	-79.16
8132.81	-78.96
8138.67	-79.27
8144.53	-79.41
8150.39	-79.62
8156.25	-79.52
8162.11	-79.41
8167.97	-79.46
8173.83	-79.64
8179.69	-79.67
8185.55	-79.51
8191.41	-79.72
8197.27	-79.69
8203.12	-79.69
8208.98	-79.73
8214.84	-79.27
8220.70	-79.42
8226.56	-79.78
8232.42	-79.83
8238.28	-79.66
8244.14	-79.81
8250.00	-79.74
8255.86	-79.66
8261.72	-79.19
8267.58	-79.70
8273.44	-80.01
8279.30	-79.64
8285.16	-79.72
8291.02	-79.60
8296.88	-79.70
8302.73	-79.40
8308.59	-79.54
8314.45	-79.58
8320.31	-80.01
8326.17	-79.69
8332.03	-79.50
8337.89	-79.71
8343.75	-79.54
8349.61	-79.43
8355.47	-79.76
8361.33	-79.32
8367.19	-79.18
8373.05	-79.51
8378.91	-79.44
8384.77	-79.56
8390.62	-79.93
8396.48	-79.81
8402.34	-79.59
8408.20	-79.45
8414.06	-79.65
8419.92	-79.34
8425.78	-79.64
8431.64	-79.97
8437.50	-79.79
8443.36	-79.56
8449.22	-79.40
8455.08	-79.77
8460.94	-79.30
8466.80	-79.38
8472.66	-79.68
8478.52	-79.47
8484.38	-79.34
8490.23	-79.24
8496.09	-79.34
8501.95	-79.58
8507.81	-79.43
8513.67	-79.72
8519.53	-79.49
8525.39	-78.86
8531.25	-79.16
8537.11	-79.36
8542.97	-79.21
8548.83	-79.11
8554.69	-79.23
8560.55	-79.30
8566.41	-79.73
8572.27	-79.47
8578.12	-79.70
8583.98	-79.69
8589.84	-79.44
8595.70	-79.60
8601.56	-79.54
8607.42	-79.73
8613.28	-79.56
8619.14	-79.97
8625.00	-79.62
8630.86	-79.18
8636.72	-79.13
8642.58	-79.42
8648.44	-79.67
8654.30	-80.01
8660.16	-79.69
8666.02	-79.63
8671.88	-79.35
8677.73	-79.61
8683.59	-79.85
8689.45	-79.60
8695.31	-79.68
8701.17	-79.58
8707.03	-79.13
8712.89	-79.49
8718.75	-79.46
8724.61	-79.37
8730.47	-79.63
8736.33	-79.72
8742.19	-79.64
8748.05	-79.80
8753.91	-79.71
8759.77	-79.29
8765.62	-79.37
8771.48	-79.52
8777.34	-79.83
8783.20	-79.84
8789.06	-79.76
8794.92	-79.95
8800.78	-80.18
8806.64	-80.15
8812.50	-79.87
8818.36	-79.75
8824.22	-79.57
8830.08	-79.26
8835.94	-79.26
8841.80	-79.34
8847.66	-79.36
8853.52	-79.32
8859.38	-79.72
8865.23	-79.73
8871.09	-79.42
8876.95	-79.56
8882.81	-79.56
8888.67	-79.43
8894.53	-79.05
8900.39	-79.23
8906.25	-79.13
8912.11	-79.22
8917.97	-79.64
8923.83	-79.71
8929.69	-80.03
8935.55	-79.92
8941.41	-79.55
8947.27	-79.40
8953.12	-79.41
8958.98	-79.87
8964.84	-79.83
8970.70	-79.53
8976.56	-79.62
8982.42	-79.73
8988.28	-79.45
8994.14	-79.26
9000.00	-79.34
9005.86	-79.53
9011.72	-79.73
9017.58	-79.60
9023.44	-79.46
9029.30	-79.75
9035.16	-79.76
9041.02	-79.66
9046.88	-79.47
9052.73	-79.37
9058.59	-79.55
9064.45	-79.67
9070.31	-80.10
9076.17	-79.75
9082.03	-79.58
9087.89	-79.44
9093.75	-79.38
9099.61	-79.52
9105.47	-79.50
9111.33	-79.79
9117.19	-79.31
9123.05	-79.26
9128.91	-79.55
9134.77	-79.99
9140.62	-79.56
9146.48	-79.41
9152.34	-79.34
9158.20	-79.36
9164.06	-79.26
9169.92	-79.33
9175.78	-79.33
9181.64	-79.69
9187.50	-80.04
9193.36	-79.54
9199.22	-79.37
9205.08	-79.70
9210.94	-79.63
9216.80	-80.04
9222.66	-79.98
9228.52	-79.50
9234.38	-79.63
9240.23	-79.77
9246.09	-79.69
9251.95	-79.67
9257.81	-79.55
9263.67	-79.41
9269.53	-79.56
9275.39	-79.44
9281.25	-79.24
9287.11	-79.62
9292.97	-79.50
9298.83	-79.61
9304.69	-79.59
9310.55	-79.35
9316.41	-79.51
9322.27	-79.52
9328.12	-79.62
9333.98	-79.33
9339.84	-79.45
9345.70	-79.45
9351.56	-79.80
9357.42	-80.08
9363.28	-79.79
9369.14	-79.84
9375.00	-80.10
9380.86	-79.62
9386.72	-79.17
9392.58	-79.21
9398.44	-79.12
9404.30	-79.16
9410.16	-79.23
9416.02	-79.28
9421.88	-79.68
9427.73	-79.22
9433.59	-79.29
9439.45	-79.44
9445.31	-79.28
9451.17	-79.53
9457.03	-79.87
9462.89	-79.42
9468.75	-79.30
9474.61	-79.49
9480.47	-79.56
9486.33	-79.75
9492.19	-79.67
9498.05	-79.61
9503.91	-79.32
9509.77	-79.19
9515.62	-79.61
9521.48	-79.87
9527.34	-79.93
9533.20	-79.64
9539.06	-79.30
9544.92	-79.56
9550.78	-80.00
9556.64	-79.69
9562.50	-79.55
9568.36	-79.61
9574.22	-79.45
9580.08	-79.47
9585.94	-79.39
9591.80	-79.41
9597.66	-79.74
9603.52	-79.75
9609.38	-79.20
9615.23	-79.27
9621.09	-79.39
9626.95	-79.44
9632.81	-79.83
9638.67	-79.70
9644.53	-79.70
9650.39	-79.82
9656.25	-79.54
9662.11	-79.33
9667.97	-79.32
9673.83	-79.48
9679.69	-79.69
9685.55	-79.63
9691.41	-79.61
9697.27	-79.44
9703.12	-79.29
9708.98	-79.56
9714.84	-79.47
9720.70	-79.14
9726.56	-79.47
9732.42	-79.50
9738.28	-79.40
9744.14	-79.69
9750.00	-79.89
9755.86	-79.60
9761.72	-79.26
9767.58	-79.15
9773.44	-79.29
9779.30	-79.69
9785.16	-79.49
9791.02	-79.42
9796.88	-79.60
9802.73	-79.47
9808.59	-79.51
9814.45	-79.55
9820.31	-79.38
9826.17	-79.29
9832.03	-79.43
9837.89	-79.32
9843.75	-79.26
9849.61	-79.16
9855.47	-79.66
9861.33	-79.50
9867.19	-79.47
9873.05	-79.30
9878.91	-79.26
9884.77	-79.44
9890.62	-79.40
9896.48	-79.21
9902.34	-79.46
9908.20	-79.63
9914.06	-79.56
9919.92	-79.60
9925.78	-79.70
9931.64	-79.34
9937.50	-79.78
9943.36	-79.63
9949.22	-79.53
9955.08	-80.06
9960.94	-79.64
9966.80	-79.62
9972.66	-79.67
9978.52	-79.53
9984.38	-79.43
9990.23	-79.61
9996.09	-79.65
10001.95	-79.69
10007.81	-79.76
10013.67	-79.78
10019.53	-79.67
10025.39	-79.63
10031.25	-79.34
10037.11	-79.18
10042.97	-79.19
10048.83	-79.18
10054.69	-79.30
10060.55	-79.31
10066.41	-79.05
10072.27	-79.59
10078.12	-79.96
10083.98	-79.41
10089.84	-79.28
10095.70	-79.27
10101.56	-79.51
10107.42	-79.85
10113.28	-79.57
10119.14	-79.84
10125.00	-79.51
10130.86	-79.18
10136.72	-79.26
10142.58	-79.52
10148.44	-79.62
10154.30	-79.64
10160.16	-79.18
10166.02	-78.94
10171.88	-79.17
10177.73	-79.78
10183.59	-79.68
10189.45	-79.36
10195.31	-79.32
10201.17	-79.20
10207.03	-79.62
10212.89	-79.60
10218.75	-79.71
10224.61	-79.47
10230.47	-79.56
10236.33	-79.83
10242.19	-79.99
10248.05	-79.42
10253.91	-79.38
10259.77	-79.41
10265.62	-79.44
10271.48	-79.36
10277.34	-79.22
10283.20	-79.41
10289.06	-79.61
10294.92	-79.29
10300.78	-79.35
10306.64	-79.33
10312.50	-79.32
10318.36	-79.40
10324.22	-79.53
10330.08	-79.63
10335.94	-79.28
10341.80	-79.26
10347.66	-79.46
10353.52	-79.59
10359.38	-79.55
10365.23	-79.16
10371.09	-79.59
10376.95	-79.73
10382.81	-79.94
10388.67	-79.73
10394.53	-79.13
10400.39	-79.11
10406.25	-79.56
10412.11	-79.80
10417.97	-79.44
10423.83	-79.41
10429.69	-79.62
10435.55	-80.04
10441.41	-79.82
10447.27	-79.30
10453.12	-79.48
10458.98	-79.52
10464.84	-79.44
10470.70	-79.64
10476.56	-79.75
10482.42	-79.67
10488.28	-79.80
10494.14	-79.88
10500.00	-79.71
10505.86	-79.85
10511.72	-80.00
10517.58	-79.76
10523.44	-79.43
10529.30	-79.06
10535.16	-79.48
10541.02	-79.47
10546.88	-79.19
10552.73	-79.16
10558.59	-79.28
10564.45	-79.43
10570.31	-79.77
10576.17	-79.93
10582.03	-79.66
10587.89	-79.41
10593.75	-79.61
10599.61	-79.30
10605.47	-79.17
10611.33	-79.58
10617.19	-79.80
10623.05	-80.02
10628.91	-79.74
10634.77	-79.99
10640.62	-79.52
10646.48	-79.46
10652.34	-79.70
10658.20	-79.73
10664.06	-79.86
10669.92	-79.83
10675.78	-79.49
10681.64	-79.51
10687.50	-79.85
10693.36	-79.66
10699.22	-79.71
10705.08	-79.59
10710.94	-79.59
10716.80	-80.11
10722.66	-80.06
10728.52	-79.31
10734.38	-79.34
10740.23	-79.49
10746.09	-79.86
10751.95	-80.11
10757.81	-79.86
10763.67	-79.46
10769.53	-79.37
10775.39	-79.34
10781.25	-79.52
10787.11	-79.64
10792.97	-79.56
10798.83	-79.81
10804.69	-80.19
10810.55	-80.09
10816.41	-79.55
10822.27	-79.39
10828.12	-79.53
10833.98	-79.69
10839.84	-79.48
10845.70	-79.49
10851.56	-79.76
10857.42	-79.76
10863.28	-79.36
10869.14	-79.36
10875.00	-79.36
10880.86	-79.88
10886.72	-79.99
10892.58	-79.73
10898.44	-79.75
10904.30	-79.56
10910.16	-79.50
10916.02	-79.39
10921.88	-79.12
10927.73	-79.19
10933.59	-79.26
10939.45	-79.04
10945.31	-79.41
10951.17	-79.52
10957.03	-79.68
10962.89	-79.39
10968.75	-79.38
10974.61	-79.59
10980.47	-79.47
10986.33	-79.31
10992.19	-79.55
10998.05	-79.48
11003.91	-79.41
11009.77	-79.26
11015.62	-78.97
11021.48	-79.21
11027.34	-79.64
11033.20	-79.66
11039.06	-79.51
11044.92	-79.51
11050.78	-79.66
11056.64	-79.32
11062.50	-79.24
11068.36	-79.52
11074.22	-79.63
11080.08	-79.49
11085.94	-80.00
11091.80	-79.92
11097.66	-79.63
11103.52	-79.58
11109.38	-79.48
11115.23	-79.71
11121.09	-79.26
11126.95	-79.61
11132.81	-79.62
11138.67	-79.52
11144.53	-79.65
11150.39	-79.89
11156.25	-79.62
11162.11	-79.56
11167.97	-79.42
11173.83	-79.68
11179.69	-79.80
11185.55	-79.29
11191.41	-79.40
11197.27	-79.73
11203.12	-79.67
11208.98	-79.57
11214.84	-79.72
11220.70	-79.69
11226.56	-79.79
11232.42	-79.71
11238.28	-79.61
11244.14	-79.51
11250.00	-79.42
11255.86	-79.44
11261.72	-79.19
11267.58	-79.23
11273.44	-79.45
11279.30	-79.44
11285.16	-79.28
11291.02	-79.17
11296.88	-79.58
11302.73	-79.35
11308.59	-79.39
11314.45	-79.53
11320.31	-79.31
11326.17	-79.39
11332.03	-79.54
11337.89	-79.54
11343.75	-79.30
11349.61	-79.29
11355.47	-79.95
11361.33	-79.91
11367.19	-79.73
11373.05	-79.54
11378.91	-79.68
11384.77	-79.92
11390.62	-79.79
11396.48	-79.60
11402.34	-79.32
11408.20	-79.48
11414.06	-79.25
11419.92	-79.61
11425.78	-79.53
11431.64	-79.73
11437.50	-79.46
11443.36	-79.42
11449.22	-79.28
11455.08	-79.35
11460.94	-79.59
11466.80	-79.66
11472.66	-79.35
11478.52	-79.49
11484.38	-79.83
11490.23	-79.85
11496.09	-79.54
11501.95	-79.05
11507.81	-79.28
11513.67	-79.42
11519.53	-79.56
11525.39	-79.90
11531.25	-79.71
11537.11	-79.67
11542.97	-79.91
11548.83	-79.71
11554.69	-79.47
11560.55	-79.46
11566.41	-79.47
11572.27	-79.65
11578.12	-79.54
11583.98	-79.53
11589.84	-79.84
11595.70	-79.56
11601.56	-79.82
11607.42	-79.49
11613.28	-79.33
11619.14	-79.43
11625.00	-79.48
11630.86	-79.56
11636.72	-79.33
11642.58	-79.42
11648.44	-79.42
11654.30	-79.52
11660.16	-79.39
11666.02	-79.75
11671.88	-79.72
11677.73	-79.77
11683.59	-79.68
11689.45	-79.49
11695.31	-79.56
11701.17	-79.69
11707.03	-79.67
11712.89	-79.58
11718.75	-79.86
11724.61	-80.14
11730.47	-79.41
11736.33	-79.85
11742.19	-79.43
11748.05	-79.39
11753.91	-79.59
11759.77	-79.06
11765.62	-79.09
11771.48	-79.42
11777.34	-79.53
11783.20	-79.40
11789.06	-79.54
11794.92	-79.56
11800.78	-79.64
11806.64	-79.62
11812.50	-79.66
11818.36	-79.58
11824.22	-79.47
11830.08	-79.26
11835.94	-79.25
11841.80	-79.18
11847.66	-79.20
11853.52	-79.64
11859.38	-79.64
11865.23	-79.40
11871.09	-79.06
11876.95	-79.35
11882.81	-79.63
11888.67	-79.62
11894.53	-79.65
11900.39	-79.59
11906.25	-79.24
11912.11	-79.23
11917.97	-79.47
11923.83	-79.22
11929.69	-79.29
11935.55	-79.59
11941.41	-79.35
11947.27	-79.31
11953.12	-79.52
11958.98	-79.70
11964.84	-79.42
11970.70	-79.40
11976.56	-79.27
11982.42	-79.65
11988.28	-79.60
11994.14	-79.54
12000.00	-79.62
12005.86	-79.57
12011.72	-79.26
12017.58	-78.78
12023.44	-79.27
12029.30	-79.63
12035.16	-79.41
12041.02	-79.63
12046.88	-79.64
12052.73	-79.49
12058.59	-79.66
12064.45	-80.04
12070.31	-79.79
12076.17	-79.78
12082.03	-79.69
12087.89	-79.72
12093.75	-79.70
12099.61	-80.09
12105.47	-79.50
12111.33	-79.06
12117.19	-79.15
12123.05	-79.25
12128.91	-79.58
12134.77	-79.53
12140.62	-79.25
12146.48	-79.35
12152.34	-79.67
12158.20	-79.53
12164.06	-79.83
12169.92	-79.50
12175.78	-79.24
12181.64	-79.30
12187.50	-79.59
12193.36	-79.67
12199.22	-80.01
12205.08	-79.96
12210.94	-79.74
12216.80	-79.35
12222.66	-79.25
12228.52	-79.32
12234.38	-79.33
12240.23	-79.72
12246.09	-79.63
12251.95	-79.45
12257.81	-79.45
12263.67	-79.43
12269.53	-79.34
12275.39	-79.49
12281.25	-79.76
12287.11	-79.54
12292.97	-79.69
12298.83	-79.45
12304.69	-79.53
12310.55	-79.85
12316.41	-79.86
12322.27	-79.29
12328.12	-79.52
12333.98	-79.91
12339.84	-79.46
12345.70	-79.62
12351.56	-79.52
12357.42	-79.16
12363.28	-79.22
12369.14	-79.49
12375.00	-79.37
12380.86	-79.55
12386.72	-79.38
12392.58	-79.89
12398.44	-79.73
12404.30	-79.53
12410.16	-79.77
12416.02	-79.63
12421.88	-79.72
12427.73	-79.54
12433.59	-79.47
12439.45	-79.45
12445.31	-79.46
12451.17	-79.72
12457.03	-79.50
12462.89	-79.53
12468.75	-79.41
12474.61	-79.25
12480.47	-79.57
12486.33	-79.32
12492.19	-79.42
12498.05	-79.35
12503.91	-79.29
12509.77	-79.50
12515.62	-79.71
12521.48	-79.70
12527.34	-79.50
12533.20	-79.72
12539.06	-79.80
12544.92	-80.02
12550.78	-79.65
12556.64	-79.46
12562.50	-79.53
12568.36	-79.38
12574.22	-79.08
12580.08	-79.25
12585.94	-79.72
12591.80	-79.70
12597.66	-79.68
12603.52	-79.42
12609.38	-79.24
12615.23	-79.28
12621.09	-79.18
12626.95	-79.30
12632.81	-79.20
12638.67	-79.35
12644.53	-79.25
12650.39	-79.50
12656.25	-79.11
12662.11	-79.41
12667.97	-79.64
12673.83	-79.58
12679.69	-79.25
12685.55	-79.31
12691.41	-79.33
12697.27	-79.50
12703.12	-79.66
12708.98	-79.75
12714.84	-79.69
12720.70	-79.16
12726.56	-79.34
12732.42	-79.33
12738.28	-79.44
12744.14	-79.44
12750.00	-79.60
12755.86	-79.70
12761.72	-79.57
12767.58	-79.52
12773.44	-79.35
12779.30	-79.72
12785.16	-79.56
12791.02	-79.22
12796.88	-79.47
12802.73	-79.53
12808.59	-79.53
12814.45	-79.56
12820.31	-79.53
12826.17	-79.98
12832.03	-79.61
12837.89	-79.44
12843.75	-79.34
12849.61	-79.35
12855.47	-79.88
12861.33	-79.65
12867.19	-79.46
12873.05	-79.40
12878.91	-79.26
12884.77	-79.39
12890.62	-79.78
12896.48	-79.89
12902.34	-79.70
12908.20	-79.61
12914.06	-79.65
12919.92	-79.19
12925.78	-78.89
12931.64	-79.56
12937.50	-79.38
12943.36	-79.17
12949.22	-78.93
12955.08	-79.55
12960.94	-80.02
12966.80	-79.82
12972.66	-79.43
12978.52	-79.18
12984.38	-79.54
12990.23	-79.73
12996.09	-79.65
13001.95	-79.83
13007.81	-79.23
13013.67	-79.02
13019.53	-79.01
13025.39	-79.23
13031.25	-79.47
13037.11	-79.59
13042.97	-79.48
13048.83	-79.53
13054.69	-79.38
13060.55	-79.24
13066.41	-79.46
13072.27	-79.34
13078.12	-78.98
13083.98	-79.44
13089.84	-79.29
13095.70	-79.14
13101.56	-79.50
13107.42	-79.97
13113.28	-79.40
13119.14	-79.44
13125.00	-79.76
13130.86	-79.57
13136.72	-79.59
13142.58	-79.37
13148.44	-79.61
13154.30	-79.19
13160.16	-78.63
13166.02	-79.00
13171.88	-79.38
13177.73	-79.39
13183.59	-79.51
13189.45	-79.18
13195.31	-79.45
13201.17	-79.35
13207.03	-79.22
13212.89	-79.54
13218.75	-79.42
13224.61	-79.52
13230.47	-79.49
13236.33	-79.68
13242.19	-79.84
13248.05	-79.82
13253.91	-79.51
13259.77	-79.48
13265.62	-79.76
13271.48	-79.69
13277.34	-79.56
13283.20	-79.43
13289.06	-79.47
13294.92	-79.56
13300.78	-79.81
13306.64	-79.74
13312.50	-79.61
13318.36	-79.73
13324.22	-79.72
13330.08	-79.86
13335.94	-79.87
13341.80	-79.70
13347.66	-79.44
13353.52	-79.54
13359.38	-79.52
13365.23	-79.64
13371.09	-79.94
13376.95	-79.74
13382.81	-79.75
13388.67	-79.28
13394.53	-79.66
13400.39	-79.75
13406.25	-79.27
13412.11	-79.29
13417.97	-79.42
13423.83	-79.69
13429.69	-79.59
13435.55	-79.37
13441.41	-79.50
13447.27	-79.59
13453.12	-79.63
13458.98	-79.21
13464.84	-79.33
13470.70	-79.53
13476.56	-79.68
13482.42	-79.31
13488.28	-79.13
13494.14	-79.29
13500.00	-79.45
13505.86	-79.45
13511.72	-79.51
13517.58	-79.34
13523.44	-79.04
13529.30	-79.44
13535.16	-80.02
13541.02	-79.64
13546.88	-79.40
13552.73	-79.73
13558.59	-79.93
13564.45	-79.53
13570.31	-79.35
13576.17	-79.51
13582.03	-79.51
13587.89	-79.44
13593.75	-79.72
13599.61	-79.66
13605.47	-79.40
13611.33	-79.33
13617.19	-79.52
13623.05	-79.57
13628.91	-79.65
13634.77	-79.22
13640.62	-78.92
13646.48	-79.52
13652.34	-79.39
13658.20	-79.21
13664.06	-79.33
13669.92	-79.78
13675.78	-79.24
13681.64	-79.31
13687.50	-79.62
13693.36	-79.55
13699.22	-79.70
13705.08	-79.19
13710.94	-79.51
13716.80	-79.38
13722.66	-79.35
13728.52	-79.41
13734.38	-79.57
13740.23	-80.03
13746.09	-80.16
13751.95	-79.76
13757.81	-79.66
13763.67	-79.96
13769.53	-79.85
13775.39	-79.55
13781.25	-79.53
13787.11	-79.42
13792.97	-79.25
13798.83	-79.38
13804.69	-79.49
13810.55	-79.71
13816.41	-79.50
13822.27	-79.50
13828.12	-79.24
13833.98	-79.24
13839.84	-79.67
13845.70	-79.83
13851.56	-79.51
13857.42	-79.33
13863.28	-79.51
13869.14	-79.75
13875.00	-79.36
13880.86	-79.75
13886.72	-79.51
13892.58	-79.37
13898.44	-79.27
13904.30	-79.83
13910.16	-79.63
13916.02	-79.82
13921.88	-79.86
13927.73	-79.76
13933.59	-79.52
13939.45	-79.45
13945.31	-79.40
13951.17	-79.40
13957.03	-79.88
13962.89	-79.94
13968.75	-79.75
13974.61	-79.39
13980.47	-79.24
13986.33	-79.26
13992.19	-79.68
13998.05	-79.50
14003.91	-79.30
14009.77	-79.62
14015.62	-79.59
14021.48	-79.61
14027.34	-79.41
14033.20	-79.42
14039.06	-79.43
14044.92	-79.47
14050.78	-79.49
14056.64	-79.38
14062.50	-79.19
14068.36	-79.43
14074.22	-79.21
14080.08	-79.08
14085.94	-79.56
14091.80	-79.85
14097.66	-80.01
14103.52	-79.71
14109.38	-79.40
14115.23	-79.50
14121.09	-79.09
14126.95	-79.56
14132.81	-79.73
14138.67	-79.44
14144.53	-79.57
14150.39	-79.74
14156.25	-79.53
14162.11	-79.69
14167.97	-79.77
14173.83	-79.82
14179.69	-79.80
14185.55	-79.40
14191.41	-79.63
14197.27	-79.86
14203.12	-79.69
14208.98	-79.47
14214.84	-79.38
14220.70	-79.71
14226.56	-79.64
14232.42	-79.92
14238.28	-79.47
14244.14	-79.01
14250.00	-79.64
14255.86	-80.24
14261.72	-79.61
14267.58	-79.43
14273.44	-79.30
14279.30	-79.62
14285.16	-79.50
14291.02	-79.43
14296.88	-79.48
14302.73	-79.57
14308.59	-79.82
14314.45	-79.31
14320.31	-79.42
14326.17	-79.73
14332.03	-79.73
14337.89	-79.62
14343.75	-79.43
14349.61	-79.31
14355.47	-79.95
14361.33	-80.11
14367.19	-79.50
14373.05	-79.47
14378.91	-79.75
14384.77	-80.00
14390.62	-79.79
14396.48	-79.62
14402.34	-79.28
14408.20	-79.73
14414.06	-79.47
14419.92	-79.35
14425.78	-79.52
14431.64	-79.23
14437.50	-79.45
14443.36	-79.19
14449.22	-79.32
14455.08	-79.49
14460.94	-79.55
14466.80	-79.80
14472.66	-79.85
14478.52	-79.92
14484.38	-79.31
14490.23	-79.08
14496.09	-79.46
14501.95	-80.05
14507.81	-79.95
14513.67	-79.70
14519.53	-79.65
14525.39	-79.97
14531.25	-80.06
14537.11	-79.76
14542.97	-79.59
14548.83	-79.58
14554.69	-79.44
14560.55	-79.77
14566.41	-79.87
14572.27	-79.76
14578.12	-79.50
14583.98	-79.55
14589.84	-79.37
14595.70	-79.28
14601.56	-79.01
14607.42	-79.30
14613.28	-79.30
14619.14	-79.09
14625.00	-79.13
14630.86	-79.59
14636.72	-79.39
14642.58	-79.55
14648.44	-79.71
14654.30	-79.58
14660.16	-79.74
14666.02	-79.49
14671.88	-79.35
14677.73	-79.31
14683.59	-79.66
14689.45	-79.63
14695.31	-79.27
14701.17	-79.61
14707.03	-79.73
14712.89	-79.51
14718.75	-79.77
14724.61	-79.86
14730.47	-79.69
14736.33	-80.05
14742.19	-80.02
14748.05	-80.04
14753.91	-79.70
14759.77	-79.27
14765.62	-79.24
14771.48	-79.43
14777.34	-79.50
14783.20	-79.80
14789.06	-79.74
14794.92	-79.54
14800.78	-79.73
14806.64	-79.48
14812.50	-79.78
14818.36	-79.50
14824.22	-79.54
14830.08	-79.62
14835.94	-79.66
14841.80	-80.15
14847.66	-79.90
14853.52	-79.50
14859.38	-79.61
14865.23	-79.28
14871.09	-79.55
14876.95	-79.80
14882.81	-79.75
14888.67	-79.70
14894.53	-79.58
14900.39	-79.47
14906.25	-79.61
14912.11	-79.49
14917.97	-79.70
14923.83	-79.64
14929.69	-79.67
14935.55	-79.39
14941.41	-79.14
14947.27	-79.66
14953.12	-79.68
14958.98	-79.08
14964.84	-79.33
14970.70	-79.50
14976.56	-79.60
14982.42	-79.54
14988.28	-79.40
14994.14	-79.18
15000.00	-79.69
15005.86	-79.63
15011.72	-79.64
15017.58	-79.69
15023.44	-79.67
15029.30	-79.74
15035.16	-79.62
15041.02	-79.50
15046.88	-79.44
15052.73	-79.43
15058.59	-79.37
15064.45	-79.83
15070.31	-79.91
15076.17	-80.01
15082.03	-79.82
15087.89	-79.27
15093.75	-79.24
15099.61	-79.56
15105.47	-79.75
15111.33	-79.77
15117.19	-79.63
15123.05	-79.81
15128.91	-79.80
15134.77	-79.11
15140.62	-79.36
15146.48	-79.59
15152.34	-79.71
15158.20	-79.69
15164.06	-79.58
15169.92	-79.74
15175.78	-79.63
15181.64	-79.72
15187.50	-79.69
15193.36	-79.74
15199.22	-79.72
15205.08	-79.60
15210.94	-79.72
15216.80	-79.74
15222.66	-79.72
15228.52	-80.13
15234.38	-79.85
15240.23	-79.60
15246.09	-79.34
15251.95	-79.29
15257.81	-79.22
15263.67	-79.52
15269.53	-79.57
15275.39	-79.67
15281.25	-79.76
15287.11	-79.49
15292.97	-79.95
15298.83	-79.62
15304.69	-79.48
15310.55	-79.38
15316.41	-79.61
15322.27	-79.75
15328.12	-79.66
15333.98	-79.68
15339.84	-79.64
15345.70	-79.95
15351.56	-79.75
15357.42	-79.65
15363.28	-79.54
15369.14	-79.44
15375.00	-79.60
15380.86	-79.68
15386.72	-79.43
15392.58	-79.44
15398.44	-79.30
15404.30	-79.61
15410.16	-79.10
15416.02	-79.28
15421.88	-79.86
15427.73	-79.75
15433.59	-79.52
15439.45	-79.39
15445.31	-79.34
15451.17	-79.63
15457.03	-79.61
15462.89	-79.55
15468.75	-79.29
15474.61	-79.74
15480.47	-79.75
15486.33	-79.35
15492.19	-79.55
15498.05	-79.87
15503.91	-79.83
15509.77	-79.50
15515.62	-79.00
15521.48	-79.58
15527.34	-79.62
15533.20	-79.54
15539.06	-79.41
15544.92	-79.56
15550.78	-79.72
15556.64	-79.58
15562.50	-79.62
15568.36	-79.55
15574.22	-79.76
15580.08	-79.55
15585.94	-79.76
15591.80	-79.27
15597.66	-79.11
15603.52	-79.56
15609.38	-79.55
15615.23	-79.43
15621.09	-79.72
15626.95	-79.67
15632.81	-79.98
15638.67	-79.69
15644.53	-78.89
15650.39	-79.09
15656.25	-79.65
15662.11	-79.50
15667.97	-79.56
15673.83	-79.44
15679.69	-79.60
15685.55	-79.27
15691.41	-79.18
15697.27	-79.51
15703.12	-79.52
15708.98	-79.37
15714.84	-79.04
15720.70	-78.93
15726.56	-78.98
15732.42	-79.67
15738.28	-79.79
15744.14	-79.31
15750.00	-79.36
15755.86	-79.48
15761.72	-79.62
15767.58	-79.30
15773.44	-79.23
15779.30	-79.63
15785.16	-79.90
15791.02	-79.99
15796.88	-79.50
15802.73	-79.48
15808.59	-79.76
15814.45	-79.22
15820.31	-79.01
15826.17	-79.42
15832.03	-79.39
15837.89	-79.65
15843.75	-79.79
15849.61	-79.78
15855.47	-79.68
15861.33	-79.66
15867.19	-79.19
15873.05	-79.21
15878.91	-79.87
15884.77	-80.01
15890.62	-79.47
15896.48	-79.41
15902.34	-79.83
15908.20	-79.48
15914.06	-79.56
15919.92	-79.32
15925.78	-79.16
15931.64	-79.59
15937.50	-79.41
15943.36	-79.37
15949.22	-79.38
15955.08	-79.67
15960.94	-79.62
15966.80	-79.71
15972.66	-79.79
15978.52	-79.68
15984.38	-79.14
15990.23	-79.46
15996.09	-79.33
16001.95	-79.39
16007.81	-79.59
16013.67	-79.47
16019.53	-79.64
16025.39	-79.39
16031.25	-79.41
16037.11	-79.07
16042.97	-79.04
16048.83	-79.58
16054.69	-79.99
16060.55	-79.83
16066.41	-79.07
16072.27	-79.28
16078.12	-79.38
16083.98	-79.98
16089.84	-79.92
16095.70	-79.88
16101.56	-79.59
16107.42	-79.61
16113.28	-79.64
16119.14	-79.69
16125.00	-79.74
16130.86	-79.24
16136.72	-79.32
16142.58	-79.38
16148.44	-79.57
16154.30	-79.80
16160.16	-79.57
16166.02	-79.64
16171.88	-79.59
16177.73	-79.57
16183.59	-79.65
16189.45	-79.63
16195.31	-79.63
16201.17	-79.59
16207.03	-79.48
16212.89	-79.77
16218.75	-79.78
16224.61	-79.78
16230.47	-79.75
16236.33	-79.61
16242.19	-79.81
16248.05	-79.44
16253.91	-79.54
16259.77	-79.52
16265.62	-79.54
16271.48	-79.43
16277.34	-79.51
16283.20	-79.55
16289.06	-78.98
16294.92	-79.49
16300.78	-79.73
16306.64	-79.50
16312.50	-79.98
16318.36	-79.92
16324.22	-79.45
16330.08	-79.30
16335.94	-79.19
16341.80	-79.17
16347.66	-78.80
16353.52	-79.11
16359.38	-79.72
16365.23	-79.81
16371.09	-79.86
16376.95	-79.75
16382.81	-79.54
16388.67	-79.49
16394.53	-79.83
16400.39	-79.76
16406.25	-79.52
16412.11	-79.61
16417.97	-79.67
16423.83	-79.80
16429.69	-80.05
16435.55	-79.67
16441.41	-79.52
16447.27	-79.52
16453.12	-79.54
16458.98	-79.36
16464.84	-79.33
16470.70	-79.55
16476.56	-79.49
16482.42	-79.52
16488.28	-79.72
16494.14	-80.06
16500.00	-79.76
16505.86	-79.50
16511.72	-79.78
16517.58	-79.86
16523.44	-79.19
16529.30	-78.99
16535.16	-79.27
16541.02	-79.68
16546.88	-80.01
16552.73	-79.37
16558.59	-79.16
16564.45	-79.60
16570.31	-79.54
16576.17	-79.35
16582.03	-79.31
16587.89	-79.40
16593.75	-79.60
16599.61	-79.30
16605.47	-79.24
16611.33	-79.32
16617.19	-79.25
16623.05	-79.49
16628.91	-79.83
16634.77	-79.91
16640.62	-79.63
16646.48	-79.34
16652.34	-79.20
16658.20	-79.68
16664.06	-79.37
16669.92	-79.67
16675.78	-79.48
16681.64	-79.69
16687.50	-79.12
16693.36	-79.02
16699.22	-79.41
16705.08	-79.33
16710.94	-79.69
16716.80	-79.12
16722.66	-79.16
16728.52	-79.44
16734.38	-79.29
16740.23	-79.65
16746.09	-79.64
16751.95	-79.39
16757.81	-79.66
16763.67	-80.00
16769.53	-79.72
16775.39	-79.60
16781.25	-79.37
16787.11	-79.87
16792.97	-79.66
16798.83	-79.37
16804.69	-79.14
16810.55	-79.15
16816.41	-79.44
16822.27	-79.32
16828.12	-79.30
16833.98	-79.18
16839.84	-79.23
16845.70	-79.27
16851.56	-79.71
16857.42	-79.63
16863.28	-79.36
16869.14	-79.36
16875.00	-79.64
16880.86	-79.75
16886.72	-79.48
16892.58	-79.24
16898.44	-79.24
16904.30	-79.20
16910.16	-79.59
16916.02	-79.46
16921.88	-79.43
16927.73	-79.65
16933.59	-79.54
16939.45	-79.31
16945.31	-79.64
16951.17	-79.93
16957.03	-79.62
16962.89	-79.72
16968.75	-79.80
16974.61	-79.60
16980.47	-79.30
16986.33	-79.71
16992.19	-79.81
16998.05	-79.18
17003.91	-79.35
17009.77	-79.41
17015.62	-79.70
17021.48	-79.91
17027.34	-79.76
17033.20	-79.69
17039.06	-79.25
17044.92	-79.55
17050.78	-79.32
17056.64	-79.70
17062.50	-79.78
17068.36	-79.68
17074.22	-79.33
17080.08	-79.30
17085.94	-79.37
17091.80	-79.43
17097.66	-79.51
17103.52	-79.38
17109.38	-79.17
17115.23	-79.26
17121.09	-79.35
17126.95	-79.59
17132.81	-79.95
17138.67	-79.66
17144.53	-79.55
17150.39	-79.56
17156.25	-79.86
17162.11	-79.52
17167.97	-79.56
17173.83	-79.71
17179.69	-79.65
17185.55	-79.62
17191.41	-79.47
17197.27	-79.47
17203.12	-79.70
17208.98	-79.40
17214.84	-79.49
17220.70	-79.49
17226.56	-79.65
17232.42	-79.82
17238.28	-79.99
17244.14	-80.32
17250.00	-79.98
17255.86	-79.22
17261.72	-78.91
17267.58	-79.06
17273.44	-79.27
17279.30	-79.68
17285.16	-79.72
17291.02	-79.79
17296.88	-79.72
17302.73	-79.86
17308.59	-79.58
17314.45	-79.59
17320.31	-79.39
17326.17	-79.71
17332.03	-79.48
17337.89	-79.30
17343.75	-79.19
17349.61	-79.68
17355.47	-79.96
17361.33	-79.76
17367.19	-79.63
17373.05	-79.56
17378.91	-79.24
17384.77	-79.01
17390.62	-79.33
17396.48	-79.46
17402.34	-79.27
17408.20	-79.31
17414.06	-79.44
17419.92	-79.84
17425.78	-79.57
17431.64	-79.52
17437.50	-79.64
17443.36	-79.54
17449.22	-79.29
17455.08	-79.55
17460.94	-78.97
17466.80	-79.24
17472.66	-79.86
17478.52	-79.60
17484.38	-79.74
17490.23	-79.60
17496.09	-79.31
17501.95	-79.45
17507.81	-79.86
17513.67	-79.33
17519.53	-79.52
17525.39	-79.53
17531.25	-79.35
17537.11	-79.26
17542.97	-79.64
17548.83	-79.39
17554.69	-79.41
17560.55	-79.85
17566.41	-80.00
17572.27	-79.64
17578.12	-79.41
17583.98	-79.40
17589.84	-79.46
17595.70	-79.69
17601.56	-79.69
17607.42	-79.63
17613.28	-79.74
17619.14	-79.39
17625.00	-79.29
17630.86	-79.45
17636.72	-79.78
17642.58	-79.81
17648.44	-79.97
17654.30	-79.86
17660.16	-79.55
17666.02	-79.39
17671.88	-79.53
17677.73	-79.40
17683.59	-79.48
17689.45	-79.52
17695.31	-79.65
17701.17	-79.33
17707.03	-79.11
17712.89	-78.99
17718.75	-79.25
17724.61	-79.57
17730.47	-79.35
17736.33	-79.35
17742.19	-79.82
17748.05	-79.68
17753.91	-79.53
17759.77	-79.53
17765.62	-79.53
17771.48	-79.28
17777.34	-79.64
17783.20	-79.48
17789.06	-79.51
17794.92	-79.32
17800.78	-79.15
17806.64	-79.28
17812.50	-79.61
17818.36	-79.76
17824.22	-79.82
17830.08	-80.14
17835.94	-79.92
17841.80	-79.82
17847.66	-79.47
17853.52	-79.55
17859.38	-79.12
17865.23	-79.38
17871.09	-79.74
17876.95	-79.83
17882.81	-79.62
17888.67	-79.52
17894.53	-79.15
17900.39	-79.06
17906.25	-79.29
17912.11	-79.33
17917.97	-79.44
17923.83	-79.03
17929.69	-78.84
17935.55	-78.80
17941.41	-79.07
17947.27	-79.30
17953.12	-79.71
17958.98	-79.80
17964.84	-79.35
17970.70	-78.98
17976.56	-79.24
17982.42	-79.16
17988.28	-79.38
17994.14	-79.78
18000.00	-79.56
18005.86	-79.24
18011.72	-79.36
18017.58	-79.58
18023.44	-79.44
18029.30	-79.30
18035.16	-79.36
18041.02	-79.49
18046.88	-79.15
18052.73	-79.43
18058.59	-79.12
18064.45	-78.88
18070.31	-79.19
18076.17	-79.43
18082.03	-79.96
18087.89	-80.13
18093.75	-80.09
18099.61	-79.57
18105.47	-79.58
18111.33	-79.54
18117.19	-79.55
18123.05	-79.46
18128.91	-79.24
18134.77	-79.36
18140.62	-79.64
18146.48	-79.67
18152.34	-79.84
18158.20	-79.67
18164.06	-79.52
18169.92	-79.43
18175.78	-79.34
18181.64	-79.23
18187.50	-79.40
18193.36	-79.40
18199.22	-79.86
18205.08	-79.68
18210.94	-79.13
18216.80	-79.07
18222.66	-79.24
18228.52	-79.30
18234.38	-79.15
18240.23	-79.41
18246.09	-79.92
18251.95	-79.60
18257.81	-79.31
18263.67	-79.55
18269.53	-79.55
18275.39	-79.33
18281.25	-79.46
18287.11	-79.65
18292.97	-79.86
18298.83	-79.38
18304.69	-79.40
18310.55	-79.59
18316.41	-79.47
18322.27	-79.37
18328.12	-79.53
18333.98	-79.73
18339.84	-79.95
18345.70	-80.15
18351.56	-80.22
18357.42	-79.48
18363.28	-79.05
18369.14	-79.46
18375.00	-79.59
18380.86	-79.51
18386.72	-79.46
18392.58	-79.44
18398.44	-79.49
18404.30	-79.92
18410.16	-79.67
18416.02	-79.39
18421.88	-79.46
18427.73	-79.40
18433.59	-78.89
18439.45	-79.34
18445.31	-79.42
18451.17	-79.48
18457.03	-79.40
18462.89	-79.49
18468.75	-79.42
18474.61	-79.02
18480.47	-78.92
18486.33	-79.51
18492.19	-79.61
18498.05	-79.47
18503.91	-79.50
18509.77	-79.73
18515.62	-79.20
18521.48	-79.60
18527.34	-79.40
18533.20	-79.01
18539.06	-79.28
18544.92	-79.45
18550.78	-79.40
18556.64	-79.06
18562.50	-79.26
18568.36	-79.39
18574.22	-79.46
18580.08	-79.40
18585.94	-79.44
18591.80	-79.52
18597.66	-79.69
18603.52	-79.65
18609.38	-79.79
18615.23	-79.52
18621.09	-79.32
18626.95	-79.45
18632.81	-79.40
18638.67	-79.46
18644.53	-79.24
18650.39	-79.54
18656.25	-79.29
18662.11	-79.27
18667.97	-79.56
18673.83	-79.40
18679.69	-79.39
18685.55	-79.68
18691.41	-80.00
18697.27	-80.08
18703.12	-79.50
18708.98	-79.50
18714.84	-79.64
18720.70	-78.99
18726.56	-79.07
18732.42	-79.24
18738.28	-79.22
18744.14	-79.42
18750.00	-78.84
18755.86	-79.32
18761.72	-79.55
18767.58	-79.53
18773.44	-79.82
18779.30	-79.76
18785.16	-79.66
18791.02	-79.99
18796.88	-79.76
18802.73	-79.36
18808.59	-79.26
18814.45	-79.65
18820.31	-79.74
18826.17	-79.69
18832.03	-79.33
18837.89	-78.97
18843.75	-79.24
18849.61	-79.29
18855.47	-79.27
18861.33	-79.45
18867.19	-79.68
18873.05	-79.28
18878.91	-79.18
18884.77	-79.04
18890.62	-79.23
18896.48	-79.43
18902.34	-79.65
18908.20	-79.35
18914.06	-79.11
18919.92	-79.09
18925.78	-79.25
18931.64	-79.28
18937.50	-79.58
18943.36	-79.87
18949.22	-79.91
18955.08	-79.78
18960.94	-79.56
18966.80	-79.56
18972.66	-79.60
18978.52	-79.41
18984.38	-79.83
18990.23	-80.15
18996.09	-79.55
19001.95	-79.42
19007.81	-79.68
19013.67	-79.77
19019.53	-79.58
19025.39	-79.20
19031.25	-79.43
19037.11	-79.35
19042.97	-79.36
19048.83	-79.59
19054.69	-79.79
19060.55	-79.68
19066.41	-79.44
19072.27	-79.57
19078.12	-79.35
19083.98	-79.33
19089.84	-79.38
19095.70	-79.61
19101.56	-79.54
19107.42	-79.57
19113.28	-79.58
19119.14	-79.61
19125.00	-79.50
19130.86	-79.38
19136.72	-79.58
19142.58	-79.28
19148.44	-79.27
19154.30	-79.43
19160.16	-79.46
19166.02	-80.00
19171.88	-79.61
19177.73	-79.37
19183.59	-79.63
19189.45	-79.53
19195.31	-79.44
19201.17	-79.64
19207.03	-79.90
19212.89	-79.70
19218.75	-79.46
19224.61	-79.16
19230.47	-79.38
19236.33	-79.71
19242.19	-79.80
19248.05	-79.40
19253.91	-79.28
19259.77	-79.49
19265.62	-79.71
19271.48	-79.37
19277.34	-79.25
19283.20	-79.45
19289.06	-79.65
19294.92	-79.74
19300.78	-79.85
19306.64	-79.86
19312.50	-79.65
19318.36	-79.17
19324.22	-79.36
19330.08	-79.49
19335.94	-79.91
19341.80	-79.98
19347.66	-79.71
19353.52	-79.66
19359.38	-79.79
19365.23	-79.74
19371.09	-79.42
19376.95	-79.69
19382.81	-79.75
19388.67	-79.69
19394.53	-79.62
19400.39	-79.66
19406.25	-79.49
19412.11	-79.42
19417.97	-79.27
19423.83	-79.11
19429.69	-79.45
19435.55	-79.60
19441.41	-79.63
19447.27	-79.27
19453.12	-79.60
19458.98	-79.29
19464.84	-79.58
19470.70	-79.82
19476.56	-79.55
19482.42	-79.43
19488.28	-79.73
19494.14	-79.89
19500.00	-79.83
19505.86	-79.67
19511.72	-79.74
19517.58	-79.46
19523.44	-79.47
19529.30	-79.72
19535.16	-79.51
19541.02	-79.71
19546.88	-80.10
19552.73	-79.68
19558.59	-79.57
19564.45	-79.68
19570.31	-79.35
19576.17	-79.54
19582.03	-79.66
19587.89	-79.67
19593.75	-79.38
19599.61	-79.33
19605.47	-79.43
19611.33	-79.53
19617.19	-79.49
19623.05	-79.66
19628.91	-79.49
19634.77	-79.52
19640.62	-79.51
19646.48	-79.61
19652.34	-79.63
19658.20	-79.38
19664.06	-79.29
19669.92	-79.17
19675.78	-79.29
19681.64	-79.19
19687.50	-79.48
19693.36	-79.58
19699.22	-79.37
19705.08	-79.49
19710.94	-79.46
19716.80	-79.56
19722.66	-79.51
19728.52	-79.60
19734.38	-79.60
19740.23	-79.70
19746.09	-79.55
19751.95	-79.48
19757.81	-79.44
19763.67	-79.61
19769.53	-79.46
19775.39	-79.41
19781.25	-79.48
19787.11	-79.42
19792.97	-79.49
19798.83	-79.59
19804.69	-79.77
19810.55	-79.54
19816.41	-79.28
19822.27	-79.44
19828.12	-79.06
19833.98	-79.09
19839.84	-79.53
19845.70	-79.78
19851.56	-79.75
19857.42	-79.56
19863.28	-79.48
19869.14	-79.38
19875.00	-79.69
19880.86	-79.42
19886.72	-79.51
19892.58	-79.39
19898.44	-79.29
19904.30	-79.11
19910.16	-79.53
19916.02	-79.64
19921.88	-79.56
19927.73	-79.82
19933.59	-79.92
19939.45	-79.97
19945.31	-79.21
19951.17	-79.53
19957.03	-79.88
19962.89	-79.54
19968.75	-79.46
19974.61	-79.52
19980.47	-79.83
19986.33	-79.47
19992.19	-78.89
19998.05	-79.37
20003.91	-79.41
20009.77	-79.35
20015.62	-79.48
20021.48	-79.87
20027.34	-79.79
20033.20	-79.45
20039.06	-79.58
20044.92	-79.67
20050.78	-79.51
20056.64	-79.32
20062.50	-79.31
20068.36	-79.34
20074.22	-79.61
20080.08	-79.62
20085.94	-79.74
20091.80	-79.40
20097.66	-79.28
20103.52	-79.84
20109.38	-79.83
20115.23	-79.51
20121.09	-79.30
20126.95	-79.20
20132.81	-79.16
20138.67	-79.43
20144.53	-79.46
20150.39	-79.26
20156.25	-79.24
20162.11	-79.51
20167.97	-79.61
20173.83	-80.02
20179.69	-79.69
20185.55	-79.58
20191.41	-79.41
20197.27	-79.41
20203.12	-79.09
20208.98	-79.26
20214.84	-79.47
20220.70	-79.59
20226.56	-79.64
20232.42	-79.80
20238.28	-79.64
20244.14	-79.32
20250.00	-79.48
20255.86	-79.21
20261.72	-79.37
20267.58	-79.42
20273.44	-79.60
20279.30	-79.24
20285.16	-79.24
20291.02	-79.59
20296.88	-79.84
20302.73	-79.78
20308.59	-79.62
20314.45	-79.52
20320.31	-79.61
20326.17	-79.28
20332.03	-79.27
20337.89	-79.40
20343.75	-79.41
20349.61	-79.41
20355.47	-79.29
20361.33	-79.33
20367.19	-79.59
20373.05	-79.47
20378.91	-79.29
20384.77	-79.69
20390.62	-79.60
20396.48	-79.54
20402.34	-79.67
20408.20	-79.90
20414.06	-79.63
20419.92	-79.75
20425.78	-79.86
20431.64	-79.56
20437.50	-79.63
20443.36	-79.36
20449.22	-79.10
20455.08	-79.22
20460.94	-79.68
20466.80	-79.44
20472.66	-79.31
20478.52	-79.64
20484.38	-79.95
20490.23	-79.77
20496.09	-79.67
20501.95	-79.06
20507.81	-79.09
20513.67	-79.30
20519.53	-79.45
20525.39	-79.18
20531.25	-79.01
20537.11	-79.71
20542.97	-79.65
20548.83	-79.41
20554.69	-79.40
20560.55	-79.69
20566.41	-79.58
20572.27	-79.54
20578.12	-79.63
20583.98	-79.74
20589.84	-79.80
20595.70	-79.64
20601.56	-79.39
20607.42	-79.24
20613.28	-79.49
20619.14	-79.63
20625.00	-79.76
20630.86	-79.64
20636.72	-79.48
20642.58	-79.53
20648.44	-79.56
20654.30	-79.54
20660.16	-79.37
20666.02	-79.30
20671.88	-79.63
20677.73	-79.75
20683.59	-79.98
20689.45	-79.58
20695.31	-79.77
20701.17	-79.74
20707.03	-79.57
20712.89	-79.28
20718.75	-79.22
20724.61	-79.33
20730.47	-79.17
20736.33	-79.47
20742.19	-79.74
20748.05	-79.56
20753.91	-79.39
20759.77	-79.79
20765.62	-79.54
20771.48	-79.82
20777.34	-79.85
20783.20	-79.54
20789.06	-79.39
20794.92	-79.49
20800.78	-79.52
20806.64	-78.94
20812.50	-79.34
20818.36	-79.72
20824.22	-79.42
20830.08	-79.59
20835.94	-79.77
20841.80	-79.71
20847.66	-79.72
20853.52	-79.78
20859.38	-79.77
20865.23	-79.48
20871.09	-79.46
20876.95	-79.25
20882.81	-79.12
20888.67	-79.11
20894.53	-79.21
20900.39	-79.62
20906.25	-79.66
20912.11	-79.50
20917.97	-79.48
20923.83	-79.17
20929.69	-79.49
20935.55	-79.66
20941.41	-79.61
20947.27	-79.39
20953.12	-78.86
20958.98	-78.94
20964.84	-79.06
20970.70	-79.38
20976.56	-79.43
20982.42	-79.51
20988.28	-79.51
20994.14	-79.48
21000.00	-79.43
21005.86	-79.88
21011.72	-79.91
21017.58	-79.90
21023.44	-79.38
21029.30	-79.30
21035.16	-79.55
21041.02	-79.83
21046.88	-79.86
21052.73	-79.77
21058.59	-79.22
21064.45	-79.59
21070.31	-79.85
21076.17	-79.89
21082.03	-79.90
21087.89	-79.68
21093.75	-79.76
21099.61	-79.48
21105.47	-79.67
21111.33	-79.64
21117.19	-79.68
21123.05	-79.58
21128.91	-79.38
21134.77	-79.78
21140.62	-79.89
21146.48	-79.77
21152.34	-79.35
21158.20	-79.39
21164.06	-79.50
21169.92	-79.49
21175.78	-79.21
21181.64	-79.56
21187.50	-79.82
21193.36	-79.94
21199.22	-79.87
21205.08	-79.28
21210.94	-79.28
21216.80	-79.36
21222.66	-79.24
21228.52	-79.34
21234.38	-79.20
21240.23	-79.53
21246.09	-79.62
21251.95	-79.43
21257.81	-79.49
21263.67	-79.62
21269.53	-79.44
21275.39	-79.50
21281.25	-79.41
21287.11	-79.23
21292.97	-79.22
21298.83	-79.35
21304.69	-79.61
21310.55	-79.77
21316.41	-79.68
21322.27	-78.94
21328.12	-78.85
21333.98	-79.36
21339.84	-79.39
21345.70	-79.50
21351.56	-79.47
21357.42	-79.57
21363.28	-79.46
21369.14	-79.37
21375.00	-79.51
21380.86	-79.65
21386.72	-79.68
21392.58	-79.80
21398.44	-79.57
21404.30	-79.59
21410.16	-80.01
21416.02	-79.72
21421.88	-79.45
21427.73	-79.78
21433.59	-79.54
21439.45	-79.53
21445.31	-79.51
21451.17	-79.43
21457.03	-79.36
21462.89	-79.68
21468.75	-79.45
21474.61	-79.30
21480.47	-79.39
21486.33	-79.13
21492.19	-79.43
21498.05	-79.33
21503.91	-79.81
21509.77	-79.67
21515.62	-79.62
21521.48	-79.79
21527.34	-79.59
21533.20	-79.45
21539.06	-79.72
21544.92	-79.26
21550.78	-79.31
21556.64	-79.48
21562.50	-79.56
21568.36	-79.50
21574.22	-78.81
21580.08	-79.20
21585.94	-79.36
21591.80	-79.37
21597.66	-79.78
21603.52	-79.89
21609.38	-79.43
21615.23	-79.26
21621.09	-79.39
21626.95	-78.92
21632.81	-79.15
21638.67	-79.50
21644.53	-79.47
21650.39	-79.57
21656.25	-79.54
21662.11	-79.48
21667.97	-79.68
21673.83	-79.52
21679.69	-79.27
21685.55	-79.30
21691.41	-79.35
21697.27	-79.76
21703.12	-79.60
21708.98	-79.47
21714.84	-79.59
21720.70	-79.77
21726.56	-79.66
21732.42	-79.79
21738.28	-79.75
21744.14	-79.91
21750.00	-79.83
21755.86	-79.92
21761.72	-79.79
21767.58	-79.27
21773.44	-78.87
21779.30	-79.28
21785.16	-79.74
21791.02	-79.70
21796.88	-79.79
21802.73	-79.72
21808.59	-79.35
21814.45	-79.26
21820.31	-79.50
21826.17	-79.80
21832.03	-79.94
21837.89	-79.39
21843.75	-79.08
21849.61	-79.80
21855.47	-79.87
21861.33	-79.56
21867.19	-79.39
21873.05	-79.31
21878.91	-79.38
21884.77	-79.24
21890.62	-79.39
21896.48	-79.61
21902.34	-79.86
21908.20	-79.59
21914.06	-79.43
21919.92	-79.93
21925.78	-79.75
21931.64	-79.47
21937.50	-79.62
21943.36	-79.39
21949.22	-79.29
21955.08	-79.67
21960.94	-79.45
21966.80	-79.89
21972.66	-79.58
21978.52	-79.47
21984.38	-79.71
21990.23	-79.45
21996.09	-79.66
22001.95	-79.74
22007.81	-79.41
22013.67	-79.43
22019.53	-79.49
22025.39	-79.46
22031.25	-79.55
22037.11	-79.60
22042.97	-79.77
22048.83	-79.72
22054.69	-79.24
22060.55	-79.18
22066.41	-79.46
22072.27	-79.63
22078.12	-79.46
22083.98	-79.49
22089.84	-79.77
22095.70	-79.40
22101.56	-79.45
22107.42	-79.36
22113.28	-79.66
22119.14	-80.16
22125.00	-79.95
22130.86	-79.73
22136.72	-79.49
22142.58	-79.56
22148.44	-79.69
22154.30	-79.49
22160.16	-79.65
22166.02	-79.62
22171.88	-79.82
22177.73	-79.58
22183.59	-79.41
22189.45	-79.80
22195.31	-79.99
22201.17	-79.60
22207.03	-79.30
22212.89	-79.77
22218.75	-79.34
22224.61	-79.49
22230.47	-79.91
22236.33	-79.58
22242.19	-79.71
22248.05	-79.76
22253.91	-79.21
22259.77	-78.95
22265.62	-79.38
22271.48	-79.67
22277.34	-79.47
22283.20	-79.67
22289.06	-79.86
22294.92	-79.46
22300.78	-79.40
22306.64	-79.62
22312.50	-79.67
22318.36	-79.48
22324.22	-79.44
22330.08	-79.25
22335.94	-79.45
22341.80	-79.32
22347.66	-79.25
22353.52	-79.45
22359.38	-79.56
22365.23	-79.72
22371.09	-79.35
22376.95	-79.28
22382.81	-79.33
22388.67	-79.59
22394.53	-79.93
22400.39	-80.04
22406.25	-80.25
22412.11	-80.02
22417.97	-79.51
22423.83	-79.47
22429.69	-79.60
22435.55	-79.64
22441.41	-79.58
22447.27	-79.83
22453.12	-79.79
22458.98	-79.46
22464.84	-79.16
22470.70	-79.30
22476.56	-79.38
22482.42	-79.56
22488.28	-79.67
22494.14	-79.44
22500.00	-79.32
22505.86	-79.04
22511.72	-79.34
22517.58	-79.07
22523.44	-79.04
22529.30	-79.36
22535.16	-79.68
22541.02	-79.74
22546.88	-79.96
22552.73	-79.26
22558.59	-79.14
22564.45	-79.57
22570.31	-79.37
22576.17	-79.54
22582.03	-79.71
22587.89	-79.28
22593.75	-79.40
22599.61	-79.72
22605.47	-79.50
22611.33	-79.62
22617.19	-79.70
22623.05	-79.56
22628.91	-79.49
22634.77	-79.54
22640.62	-79.39
22646.48	-79.53
22652.34	-79.59
22658.20	-79.25
22664.06	-79.43
22669.92	-79.56
22675.78	-79.95
22681.64	-79.52
22687.50	-79.25
22693.36	-79.45
22699.22	-79.64
22705.08	-79.67
22710.94	-80.39
22716.80	-80.25
22722.66	-79.63
22728.52	-79.79
22734.38	-79.92
22740.23	-79.59
22746.09	-79.81
22751.95	-79.66
22757.81	-79.16
22763.67	-79.51
22769.53	-79.59
22775.39	-79.58
22781.25	-79.45
22787.11	-79.49
22792.97	-79.74
22798.83	-79.75
22804.69	-79.70
22810.55	-79.57
22816.41	-79.65
22822.27	-79.48
22828.12	-79.69
22833.98	-79.68
22839.84	-79.42
22845.70	-79.30
22851.56	-79.10
22857.42	-79.21
22863.28	-79.61
22869.14	-79.42
22875.00	-79.32
22880.86	-79.33
22886.72	-79.23
22892.58	-79.55
22898.44	-79.64
22904.30	-79.33
22910.16	-79.48
22916.02	-79.48
22921.88	-80.04
22927.73	-80.07
22933.59	-79.38
22939.45	-79.28
22945.31	-79.55
22951.17	-79.74
22957.03	-79.73
22962.89	-79.69
22968.75	-79.74
22974.61	-79.57
22980.47	-79.40
22986.33	-79.18
22992.19	-79.25
22998.05	-79.64
23003.91	-79.32
23009.77	-79.21
23015.62	-79.62
23021.48	-79.49
23027.34	-79.24
23033.20	-79.04
23039.06	-79.59
23044.92	-79.66
23050.78	-79.52
23056.64	-79.25
23062.50	-79.36
23068.36	-79.26
23074.22	-79.14
23080.08	-79.40
23085.94	-79.13
23091.80	-79.00
23097.66	-79.28
23103.52	-79.50
23109.38	-79.76
23115.23	-79.49
23121.09	-79.55
23126.95	-79.52
23132.81	-79.45
23138.67	-79.42
23144.53	-79.69
23150.39	-79.62
23156.25	-79.43
23162.11	-79.21
23167.97	-79.20
23173.83	-79.19
23179.69	-79.05
23185.55	-78.89
23191.41	-79.02
23197.27	-79.13
23203.12	-79.55
23208.98	-79.47
23214.84	-79.74
23220.70	-79.32
23226.56	-79.32
23232.42	-79.38
23238.28	-79.21
23244.14	-79.27
23250.00	-79.08
23255.86	-79.11
23261.72	-79.47
23267.58	-79.66
23273.44	-79.42
23279.30	-79.23
23285.16	-79.34
23291.02	-79.43
23296.88	-79.54
23302.73	-79.80
23308.59	-79.78
23314.45	-79.76
23320.31	-79.52
23326.17	-79.52
23332.03	-79.71
23337.89	-79.69
23343.75	-79.40
23349.61	-79.16
23355.47	-79.29
23361.33	-79.43
23367.19	-79.52
23373.05	-79.73
23378.91	-79.74
23384.77	-79.25
23390.62	-79.43
23396.48	-79.10
23402.34	-79.39
23408.20	-80.04
23414.06	-80.18
23419.92	-79.71
23425.78	-79.21
23431.64	-79.79
23437.50	-80.12
23443.36	-80.03
23449.22	-79.80
23455.08	-79.78
23460.94	-80.00
23466.80	-79.77
23472.66	-79.20
23478.52	-79.20
23484.38	-79.64
23490.23	-79.56
23496.09	-79.30
23501.95	-79.55
23507.81	-79.68
23513.67	-79.49
23519.53	-79.46
23525.39	-79.39
23531.25	-79.85
23537.11	-79.78
23542.97	-79.42
23548.83	-79.64
23554.69	-80.26
23560.55	-79.99
23566.41	-79.55
23572.27	-79.41
23578.12	-79.28
23583.98	-79.80
23589.84	-79.67
23595.70	-79.48
23601.56	-79.36
23607.42	-79.26
23613.28	-79.24
23619.14	-79.66
23625.00	-79.58
23630.86	-79.39
23636.72	-79.28
23642.58	-79.29
23648.44	-79.38
23654.30	-79.28
23660.16	-79.49
23666.02	-79.43
23671.88	-79.37
23677.73	-79.43
23683.59	-79.41
23689.45	-79.29
23695.31	-79.25
23701.17	-78.89
23707.03	-78.94
23712.89	-79.33
23718.75	-79.41
23724.61	-79.37
23730.47	-79.24
23736.33	-79.46
23742.19	-79.63
23748.05	-79.51
23753.91	-79.81
23759.77	-79.52
23765.62	-79.34
23771.48	-79.53
23777.34	-79.76
23783.20	-79.43
23789.06	-79.34
23794.92	-79.39
23800.78	-79.60
23806.64	-79.65
23812.50	-79.79
23818.36	-79.70
23824.22	-79.63
23830.08	-79.60
23835.94	-79.36
23841.80	-79.20
23847.66	-79.23
23853.52	-79.76
23859.38	-79.83
23865.23	-79.63
23871.09	-79.40
23876.95	-79.41
23882.81	-79.44
23888.67	-79.89
23894.53	-79.17
23900.39	-79.20
23906.25	-79.63
23912.11	-79.50
23917.97	-79.32
23923.83	-79.73
23929.69	-79.25
23935.55	-79.21
23941.41	-79.58
23947.27	-79.28
23953.12	-79.30
23958.98	-79.12
23964.84	-79.40
23970.70	-79.30
23976.56	-79.13
23982.42	-79.37
23988.28	-79.09
23994.14	-79.08
24000.00	nan
